#y[um] u[um/s] 
-48.77999999999999 1.5970033017725933
-43.359999999999985 3.3556582406222786
-37.93999999999999 5.745794631950617
-32.51999999999999 7.908512503137861
-27.099999999999987 9.800032043366752
-21.679999999999986 11.088311538708995
-16.26 11.906157292766022
-10.84 12.680418156582325
-5.42 13.030759329938412
0.0 13.085052427405024
5.42 12.952171760566454
10.84 12.445501499558624
16.26 11.593847781632437
21.68 10.84792322254512
27.1 9.943836683701742
32.52 8.455380055631082
37.940000000000005 6.233935711517818
43.36 3.34971434543359
48.78 nan
