#y[um] u[um/s] 
-48.77999999999999 0.707020338469139
-43.359999999999985 3.0423125622751233
-37.93999999999999 5.215589841507093
-32.51999999999999 7.1782608492646895
-27.099999999999987 8.529702210497387
-21.679999999999986 9.46610175898879
-16.259999999999987 10.352075635999617
-10.839999999999986 10.991115895056469
-5.42 11.286623819743218
0.0 11.542802273243767
5.42 11.551461412919183
10.84 11.290416852189466
16.26 10.859605058622092
21.68 9.81820245993792
27.1 8.421456485434144
32.52 7.096554027102749
37.940000000000005 5.504478010678444
43.36 3.429999702521358
48.78 nan
