#y[um] u[um/s] 
-51.48999999999992 3.5093541363072154
-46.06999999999993 2.3969871827935636
-40.64999999999993 3.51947446604012
-35.22999999999994 5.373406728787772
-29.809999999999956 7.507949130254345
-24.389999999999954 9.026301430862146
-18.969999999999956 9.468495537177139
-13.54999999999997 9.646073368957431
-8.129999999999985 10.657210899433684
-2.709999999999985 11.30954497130282
2.7100000000000155 11.227015771042186
8.13 10.417166281636433
13.549999999999985 9.800544535338817
18.969999999999985 9.966299108768165
24.389999999999986 9.673874450165076
29.809999999999956 8.215995107432857
35.229999999999954 6.424429767159125
40.649999999999956 4.40573028627694
46.06999999999996 2.070125126366135
51.489999999999924 0.3357987260563877
