#y[um] u[um/s] 
-48.78 2.060864144090788
-43.36 4.676001494278563
-37.940000000000005 7.098085957428797
-32.52 8.892034691892293
-27.1 10.301044079642116
-21.68 11.464829457755767
-16.26 12.235606466289626
-10.84 12.677168142988853
-5.42 12.718824361964282
0.0 12.68103420430527
5.42 12.551092224094827
10.84 12.006476635724622
16.26 11.402222819176128
21.68 10.63428962807237
27.1 9.288744591617172
32.52 7.286402451239021
37.940000000000005 4.800764352393196
43.36 2.398947158184775
48.78 nan
