#y[um] u[um/s] 
-48.78 0.9337695048548638
-43.36 2.4693347259921135
-37.940000000000005 4.532082811982413
-32.52 6.722066495242649
-27.1 8.349301996457347
-21.68 10.035317213361699
-16.26 11.333246333669713
-10.84 12.254550107663338
-5.42 13.01873479966964
0.0 13.167417350118763
5.42 13.081488575312488
10.84 13.063929802388893
16.26 11.881868395115507
21.68 10.255879918401465
27.1 9.39771757620535
32.52 8.808098591056337
37.940000000000005 7.212493199964119
43.36 4.958185104438786
48.78 2.116090250862595
