X Binding energy (eV)    Y Intensity (a.u.)
-5	30.15015
-4	30.15015
-3	20.1001
-2	20.1001
-1	100.5005
0	110.5505
1	130.6506
2	150.7507
3	160.8008
4	90.45044
5	60.3003
6	80.40039
7	60.3003
8	40.2002
9	80.40039
10	60.3003
11	120.6006
12	180.9009
13	542.7027
14	693.4534
15	793.9539
16	1035.155
17	522.6026
18	271.3513
19	311.5515
20	221.1011
21	241.2012
22	231.1511
23	130.6506
24	180.9009
25	211.051
26	301.5015
27	412.052
28	452.2522
29	572.8528
30	1005.005
31	2030.11
32	1698.458
33	1527.607
34	1185.906
35	673.3533
36	432.1521
37	804.0039
38	633.1531
39	613.053
40	492.4524
41	562.8028
42	532.6526
43	603.003
44	542.7027
45	673.3533
46	623.1031
47	482.4024
48	653.2532
49	733.6536
50	633.1531
51	613.053
52	623.1031
53	693.4534
54	683.4033
55	623.1031
56	613.053
57	562.8028
58	633.1531
59	562.8028
60	603.003
61	613.053
62	633.1531
63	502.5025
64	542.7027
65	542.7027
66	512.5525
67	582.9029
68	673.3533
69	643.2032
70	663.3033
71	562.8028
72	683.4033
73	623.1031
74	613.053
75	562.8028
76	633.1531
77	683.4033
78	663.3033
79	623.1031
80	633.1531
81	572.8528
82	643.2032
83	643.2032
84	582.9029
85	663.3033
86	623.1031
87	633.1531
88	713.5535
89	633.1531
90	623.1031
91	552.7527
92	532.6526
93	723.6035
94	643.2032
95	703.5034
96	733.6536
97	804.0039
98	1065.305
99	1537.658
100	1708.508
101	1989.91
102	2200.961
103	1597.958
104	1608.008
105	1407.007
106	1115.555
107	1085.405
108	974.8548
109	844.2041
110	854.2542
111	864.3042
112	804.0039
113	974.8548
114	1246.206
115	1085.405
116	1216.056
117	1165.806
118	924.6045
119	1155.756
120	1025.105
121	1045.205
122	1185.906
123	1015.055
124	984.9048
125	1085.405
126	1115.555
127	1165.806
128	1216.056
129	1125.606
130	1145.706
131	1095.455
132	1165.806
133	1055.255
134	1155.756
135	1025.105
136	1175.856
137	1195.956
138	1155.756
139	1095.455
140	1055.255
141	1175.856
142	1175.856
143	1266.306
144	1085.405
145	1075.355
146	934.6546
147	1125.606
148	1155.756
149	1216.056
150	1135.656
151	1216.056
152	1276.356
153	1487.407
154	1477.357
155	1678.358
156	1859.259
157	1688.408
158	1547.708
159	1407.007
160	1316.556
161	1376.857
162	1045.205
163	1025.105
164	1356.757
165	1366.807
166	1517.557
167	1427.107
168	1356.757
169	1296.456
170	1296.456
171	1276.356
172	1316.556
173	1437.157
174	1407.007
175	1256.256
176	1145.706
177	1286.406
178	1226.106
179	1437.157
180	1326.607
181	1075.355
182	1256.256
183	1517.557
184	1487.407
185	1507.507
186	1376.857
187	1346.707
188	1427.107
189	1487.407
190	1517.557
191	1638.158
192	1537.658
193	1356.757
194	1155.756
195	1376.857
196	1447.207
197	1507.507
198	1507.507
199	1366.807
200	1286.406
201	1296.456
202	1296.456
203	1557.758
204	1437.157
205	1477.357
206	1487.407
207	1366.807
208	1256.256
209	1256.256
210	1326.607
211	1477.357
212	1306.506
213	1477.357
214	1457.257
215	1417.057
216	1527.607
217	1256.256
218	1447.207
219	1346.707
220	1356.757
221	1527.607
222	1366.807
223	1467.307
224	1638.158
225	1527.607
226	1386.907
227	1497.457
228	1407.007
229	1467.307
230	1447.207
231	1477.357
232	1587.908
233	1477.357
234	1648.208
235	1688.408
236	1447.207
237	1638.158
238	1487.407
239	1919.559
240	1879.359
241	2251.211
242	2673.313
243	2693.413
244	2693.413
245	2221.061
246	2120.56
247	1919.559
248	1829.109
249	1969.81
250	1768.809
251	1979.86
252	2200.961
253	2100.46
254	2432.112
255	2562.763
256	2633.113
257	2321.561
258	2281.361
259	2482.362
260	1758.759
261	1999.96
262	2010.01
263	1859.259
264	1989.91
265	1788.909
266	2090.41
267	2060.26
268	1869.309
269	1889.409
270	1809.009
271	2080.36
272	2100.46
273	2010.01
274	2020.06
275	2070.31
276	1989.91
277	2060.26
278	1969.81
279	2341.661
280	3216.016
281	3095.415
282	2291.411
283	2321.561
284	2432.112
285	1939.66
286	1708.508
287	1999.96
288	1869.309
289	1899.459
290	1889.409
291	1798.959
292	1889.409
293	1959.76
294	1929.609
295	1879.359
296	1758.759
297	2120.56
298	1929.609
299	2030.11
300	2130.61
301	1999.96
302	1839.159
303	1999.96
304	1929.609
305	2020.06
306	1979.86
307	1849.209
308	1879.359
309	1949.71
310	1959.76
311	1999.96
312	1829.109
313	1939.66
314	1899.459
315	1728.608
316	1748.709
317	1728.608
318	1688.408
319	1839.159
320	1819.059
321	1819.059
322	1688.408
323	1919.559
324	1979.86
325	1889.409
326	1829.109
327	1748.709
328	1999.96
329	1688.408
330	1678.358
331	1949.71
332	1879.359
333	1728.608
334	1587.908
335	1698.458
336	1738.659
337	1587.908
338	1788.909
339	1547.708
340	1678.358
341	1879.359
342	1778.859
343	1748.709
344	1738.659
345	1698.458
346	1919.559
347	1798.959
348	1758.759
349	1628.108
350	1567.808
351	1768.809
352	1678.358
353	1939.66
354	1778.859
355	1668.308
356	1859.259
357	1597.958
358	1859.259
359	1487.407
360	1628.108
361	1708.508
362	1969.81
363	1668.308
364	1608.008
365	1809.009
366	1839.159
367	2020.06
368	1708.508
369	1688.408
370	1768.809
371	1638.158
372	1748.709
373	1688.408
374	1587.908
375	1597.958
376	1417.057
377	1618.058
378	1939.66
379	1788.909
380	2010.01
381	1788.909
382	1999.96
383	1909.509
384	1899.459
385	1839.159
386	2180.861
387	2422.062
388	2442.162
389	2673.313
390	2793.914
391	3045.165
392	3577.818
393	3929.569
394	3778.819
395	3246.166
396	2733.613
397	2331.611
398	2401.962
399	2371.812
400	2200.961
401	2733.613
402	2552.713
403	2432.112
404	2482.362
405	2773.814
406	2723.563
407	2713.513
408	2763.764
409	3015.015
410	3276.316
411	3316.516
412	3406.967
413	3819.019
414	4130.57
415	4703.423
416	4964.724
417	5014.975
418	5276.276
419	6311.431
420	7225.985
421	6693.333
422	5718.478
423	4934.574
424	4793.873
425	4562.722
426	4271.271
427	4341.621
428	4271.271
429	4472.272
430	4482.322
431	4602.923
432	4673.273
433	4612.973
434	4763.723
435	4854.174
436	4803.924
437	4844.124
438	5105.425
439	5718.478
440	5205.926
441	5014.975
442	5135.575
443	5025.025
444	5145.625
445	5035.075
446	5014.975
447	4854.174
448	4934.574
449	5185.825
450	4904.424
451	4934.574
452	5095.375
453	5014.975
454	4904.424
455	4944.624
456	4793.873
457	4894.374
458	4803.924
459	4944.624
460	5125.525
461	5025.025
462	5236.076
463	5507.427
464	5376.776
465	5416.977
466	4854.174
467	5065.225
468	4914.474
469	4964.724
470	5306.426
471	5185.825
472	5276.276
473	5135.575
474	5256.176
475	5366.726
476	4934.574
477	5276.276
478	5668.228
479	5617.978
480	5658.178
481	5617.978
482	5859.179
483	5648.128
484	5437.077
485	5788.828
486	6100.38
487	6080.28
488	6241.081
489	6110.43
490	6070.23
491	6090.33
492	6040.08
493	6210.93
494	5929.529
495	5879.279
496	5738.578
497	6070.23
498	6100.38
499	5949.629
500	5899.379
501	6381.781
502	6572.732
503	6592.832
504	7065.185
505	7286.286
506	6633.033
507	6532.532
508	6743.583
509	6753.633
510	6763.683
511	7125.485
512	7175.735
513	7557.637
514	7698.338
515	7718.438
516	7205.885
517	7075.235
518	6884.284
519	6703.383
520	6673.233
521	6793.833
522	6994.834
523	6954.634
524	7165.685
525	8060.139
526	11698.26
527	12743.46
528	10271.15
529	8431.991
530	7869.189
531	7708.388
532	7416.936
533	7698.338
534	7416.936
535	7708.388
536	7758.638
537	7617.937
538	7839.038
539	7708.388
540	7808.888
541	7376.736
542	7638.037
543	7607.887
544	7688.288
545	8130.49
546	8241.04
547	8100.34
548	7859.139
549	8321.441
550	8120.44
551	7939.539
552	8009.889
553	7939.539
554	7889.289
555	7939.539
556	7909.389
557	8080.24
558	8050.089
559	7879.239
560	7979.739
561	7778.738
562	8160.64
563	8351.591
564	8220.94
565	8271.191
566	8140.54
567	8210.89
568	8653.092
569	8482.242
570	8261.14
571	8261.14
572	8261.14
573	8462.141
574	8341.541
575	8351.591
576	8723.443
577	8592.792
578	8381.741
579	8462.141
580	7929.489
581	8261.14
582	8462.141
583	8421.941
584	8602.842
585	8502.342
586	9185.745
587	8954.594
588	8974.694
589	8823.943
590	8462.141
591	9205.845
592	8924.444
593	9115.395
594	8602.842
595	8612.892
596	9115.395
597	9065.144
598	8904.344
599	9075.194
600	8944.544
601	8854.093
602	8914.394
603	8833.993
604	8884.244
605	9045.044
606	9125.445
607	8653.092
608	8864.143
609	8783.743
610	8954.594
611	8874.193
612	9205.845
613	8844.043
614	8612.892
615	8743.543
616	9165.645
617	9014.894
618	9688.247
619	9085.245
620	9165.645
621	8653.092
622	8833.993
623	9145.545
624	9135.495
625	9235.995
626	8602.842
627	8763.643
628	8964.644
629	9075.194
630	8994.794
631	9135.495
632	9085.245
633	9085.245
634	8572.692
635	8602.842
636	8421.941
637	8793.793
638	9085.245
639	9376.696
640	8944.544
641	9286.246
642	9246.045
643	8874.193
644	8693.293
645	8582.742
646	8974.694
647	8974.694
648	8331.491
649	8431.991
650	9085.245
651	8894.294
652	8823.943
653	8904.344
654	9045.044
655	9467.146
656	9346.546
657	8974.694
658	9045.044
659	8783.743
660	8653.092
661	8743.543
662	8793.793
663	8492.292
664	8974.694
665	9065.144
666	8381.741
667	8884.244
668	8572.692
669	8904.344
670	8914.394
671	8411.891
672	8693.293
673	8542.542
674	8904.344
675	9045.044
676	9406.846
677	8492.292
678	8844.043
679	8854.093
680	8693.293
681	8974.694
682	9105.345
683	9065.144
684	8653.092
685	8632.992
686	8914.394
687	8854.093
688	8602.842
689	8562.642
690	8823.943
691	8733.493
692	8251.09
693	8351.591
694	8462.141
695	8653.092
696	8663.142
697	8813.893
698	8643.042
699	8653.092
700	9155.595
701	8351.591
702	8492.292
703	8411.891
704	8492.292
705	8602.842
706	8864.143
707	8431.991
708	8653.092
709	8854.093
710	9045.044
711	8572.692
712	8281.241
713	8442.041
714	8331.491
715	8160.64
716	8622.942
717	8532.492
718	8462.141
719	8170.69
720	8532.492
721	8813.893
722	8050.089
723	8060.139
724	8492.292
725	8230.99
726	8200.84
727	8562.642
728	8844.043
729	8663.142
730	8713.393
731	8502.342
732	8411.891
733	8542.542
734	8572.692
735	8170.69
736	8170.69
737	8160.64
738	8643.042
739	8301.341
740	8190.79
741	8381.741
742	8512.392
743	8492.292
744	8331.491
745	8291.291
746	8391.791
747	8080.24
748	7879.239
749	8190.79
750	8050.089
751	8130.49
752	7989.789
753	7778.738
754	8050.089
755	8080.24
756	8019.939
757	8351.591
758	8301.341
759	8381.741
760	7808.888
761	8090.29
762	7979.739
763	8331.491
764	8281.241
765	7979.739
766	7567.687
767	8080.24
768	8070.19
769	8150.59
770	8482.242
771	8190.79
772	7979.739
773	7929.489
774	7818.938
775	8241.04
776	8120.44
777	8070.19
778	8230.99
779	8009.889
780	8029.989
781	8090.29
782	8291.291
783	8341.541
784	8040.039
785	7738.538
786	8019.939
787	7758.638
788	7839.038
789	8060.139
790	7839.038
791	7728.488
792	8070.19
793	8040.039
794	8140.54
795	8220.94
796	8411.891
797	8080.24
798	7346.586
799	8200.84
800	7999.839
801	8200.84
802	8029.989
803	7889.289
804	7949.589
805	7788.788
806	7859.139
807	7979.739
808	7416.936
809	7839.038
810	7939.539
811	7708.388
812	7939.539
813	7658.138
814	8110.39
815	8160.64
816	7668.188
817	8070.19
818	8110.39
819	7999.839
820	8331.491
821	8351.591
822	7688.288
823	7849.088
824	7748.588
825	7828.988
826	7969.689
827	8090.29
828	8281.241
829	7969.689
830	7497.337
831	7346.586
832	7487.287
833	7949.589
834	7708.388
835	8040.039
836	8009.889
837	8140.54
838	7828.988
839	7808.888
840	7859.139
841	7447.086
842	7828.988
843	7587.787
844	7336.536
845	7477.237
846	7095.335
847	7467.187
848	7648.087
849	7517.437
850	7879.239
851	7859.139
852	7869.189
853	7587.787
854	7316.436
855	7788.788
856	7577.737
857	7748.588
858	7849.088
859	8070.19
860	7859.139
861	7185.785
862	7638.037
863	7738.538
864	7648.087
865	7477.237
866	7778.738
867	7748.588
868	7688.288
869	7517.437
870	7416.936
871	7668.188
872	7085.285
873	7035.034
874	7678.238
875	7346.586
876	7396.836
877	7557.637
878	7487.287
879	7607.887
880	7688.288
881	7075.235
882	7055.135
883	7426.986
884	7035.034
885	7437.036
886	7406.886
887	7537.537
888	7718.438
889	7487.287
890	7346.586
891	7346.586
892	7276.236
893	7537.537
894	7205.885
895	7195.835
896	7266.186
897	7346.586
898	7356.636
899	7447.086
900	7487.287
901	7708.388
902	7467.187
903	6834.033
904	7597.837
905	7859.139
906	7617.937
907	7416.936
908	7185.785
909	7165.685
910	7366.686
911	6954.634
912	7457.137
913	6984.784
914	6844.084
915	7125.485
916	7256.136
917	7426.986
918	7316.436
919	7115.435
920	7587.787
921	7467.187
922	7577.737
923	7376.736
924	6964.684
925	7346.586
926	7517.437
927	7366.686
928	6773.733
929	7055.135
930	7266.186
931	6904.384
932	7085.285
933	7195.835
934	7024.984
935	7155.635
936	7185.785
937	7165.685
938	7246.086
939	6964.684
940	6743.583
941	7155.635
942	7296.336
943	7246.086
944	7316.436
945	7276.236
946	7658.138
947	7326.486
948	7426.986
949	6944.584
950	6813.933
951	6683.283
952	6622.982
953	7497.337
954	7316.436
955	6733.533
956	6823.983
957	6984.784
958	7225.985
959	7115.435
960	7075.235
961	6914.434
962	6904.384
963	6944.584
964	7286.286
965	7597.837
966	8040.039
967	8019.939
968	7457.137
969	8060.139
970	8924.444
971	8914.394
972	8844.043
973	8532.492
974	8291.291
975	8080.24
976	7859.139
977	7678.238
978	7678.238
979	7487.287
980	7306.386
981	7507.387
982	7406.886
983	7447.086
984	7587.787
985	7818.938
986	8130.49
987	7778.738
988	7979.739
989	8190.79
990	7497.337
991	7607.887
992	8391.791
993	7798.838
994	7899.339
995	7899.339
996	7859.139
997	7899.339
998	7648.087
999	7487.287
1000	7849.088
1001	7396.836
1002	7698.338
1003	7859.139
1004	7336.536
1005	7597.837
1006	8019.939
1007	7658.138
1008	7728.488
1009	8009.889
1010	7597.837
1011	7567.687
1012	7537.537
1013	7225.985
1014	7678.238
1015	8130.49
1016	7718.438
1017	7517.437
1018	7597.837
1019	7748.588
1020	7839.038
1021	7728.488
1022	7989.789
1023	7607.887
1024	7406.886
1025	7366.686
1026	7708.388
1027	7437.036
1028	7788.788
1029	7467.187
1030	7396.836
1031	7326.486
1032	7165.685
1033	7607.887
1034	7426.986
1035	7296.336
1036	7326.486
1037	7035.034
1038	7175.735
1039	7839.038
1040	7547.587
1041	7366.686
1042	7577.737
1043	7366.686
1044	7236.035
1045	7276.236
1046	7437.036
1047	7215.935
1048	7115.435
1049	7617.937
1050	7597.837
1051	7537.537
1052	7356.636
1053	6864.184
1054	6823.983
1055	7597.837
1056	7125.485
1057	7246.086
1058	7205.885
1059	7115.435
1060	6803.883
1061	6914.434
1062	7065.185
1063	7055.135
1064	7356.636
1065	7527.487
1066	7246.086
1067	7175.735
1068	7497.337
1069	7215.935
1070	7125.485
1071	7115.435
1072	6974.734
1073	7075.235
1074	6984.784
1075	6984.784
1076	7004.884
1077	7165.685
1078	7286.286
1079	7286.286
1080	7055.135
1081	6944.584
1082	6673.233
1083	7085.285
1084	7547.587
1085	6834.033
1086	6763.683
1087	6653.133
1088	6813.933
1089	6854.134
1090	6924.484
1091	7457.137
1092	6783.783
1093	7165.685
1094	7085.285
1095	6924.484
1096	6944.584
1097	6703.383
1098	7125.485
1099	7065.185
1100	7185.785
1101	6703.383
1102	6763.683
1103	6904.384
1104	7014.934
1105	6934.534
1106	7155.635
1107	7125.485
1108	6864.184
1109	7215.935
1110	6974.734
1111	7788.788
1112	9708.348
1113	14934.37
1114	16391.63
1115	10813.85
1116	8060.139
1117	7467.187
1118	7507.387
1119	7125.485
1120	7386.786
1121	7386.786
1122	7336.536
1123	7115.435
1124	7828.988
1125	7708.388
1126	7798.838
1127	8040.039
1128	7949.589
1129	7959.639
1130	8361.641
1131	7818.938
1132	8622.942
1133	8723.443
1134	8431.991
1135	8572.692
1136	7668.188
1137	8321.441
1138	8442.041
1139	9879.198
1140	12482.16
1141	12622.86
1142	9748.548
1143	8431.991
1144	8572.692
1145	8482.242
1146	8361.641
1147	8190.79
1148	8371.691
1149	8542.542
1150	8793.793
1151	8904.344
1152	9004.844
1153	8431.991
1154	8683.243
1155	8783.743
1156	9135.495
1157	9024.944
1158	9366.646
1159	9165.645
1160	9115.395
1161	8813.893
1162	9256.095
1163	8964.644
1164	8864.143
1165	8924.444
1166	8783.743
1167	9185.745
1168	9095.295
1169	8984.744
1170	8462.141
1171	8502.342
1172	8884.244
1173	8844.043
1174	8632.992
1175	9376.696
1176	8562.642
1177	8753.593
1178	9024.944
1179	8844.043
1180	8904.344
1181	8622.942
1182	8220.94
1183	9004.844
1184	8582.742
1185	9045.044
1186	8291.291
1187	8592.792
1188	8401.841
1189	9205.845
1190	9135.495
1191	8934.494
1192	8763.643
1193	8884.244
1194	9326.446
1195	8773.693
1196	8462.141
1197	8462.141
1198	8733.493
1199	8512.392
1200	8482.242