X Magnetic Field (Oe) 	Y Moment (emu/g)
15000.85547	26.21045
14983.18164	26.21148
14974.19482	26.20915
14946.47412	26.20859
14896.75488	26.20667
14847.11084	26.2052
14795.27393	26.20297
14743.87061	26.19981
14692.03955	26.19914
14636.61279	26.19751
14587.66064	26.19632
14542.12598	26.19234
14490.12451	26.19044
14440.86523	26.18841
14391.6123	26.18635
14342.21875	26.18619
14292.82764	26.18341
14243.15332	26.18249
14193.68262	26.17883
14142.07227	26.17505
14096.01709	26.1754
14047.19385	26.17313
13998.79785	26.17202
13949.55713	26.16828
13897.61133	26.16702
13845.68506	26.16295
13790.50488	26.16105
13745.05225	26.16013
13699.5791	26.15676
13650.16943	26.15858
13603.53467	26.15357
13553.83838	26.14913
13500.95947	26.14802
13448.34326	26.14579
13398.90283	26.14356
13346.67627	26.14278
13297.05322	26.13744
13250.31055	26.13667
13201.17529	26.13196
13152.35645	26.13009
13100.33545	26.12816
13045.28223	26.12506
12996.8418	26.12215
12951.23877	26.12114
12898.96484	26.1176
12852.48584	26.1144
12802.88623	26.11082
12750.46875	26.10914
12704.20898	26.10621
12654.35352	26.10195
12604.76367	26.101
12552.62354	26.09626
12497.06494	26.09535
12447.84961	26.09036
12401.20068	26.08682
12351.15283	26.08492
12301.53662	26.08158
12251.74023	26.07828
12201.61768	26.07495
12151.49219	26.07197
12101.85986	26.06828
12052.81396	26.065
12000.79785	26.0602
11951.98633	26.06015
11903.22607	26.05322
11851.48193	26.05053
11802.67285	26.04629
11753.05908	26.0432
11703.22754	26.03949
11653.57422	26.03644
11601.35156	26.03355
11549.24414	26.02805
11502.74121	26.02473
11456.34814	26.0178
11404.1377	26.01494
11351.70166	26.01157
11302.26563	26.00912
11253.24316	26.00257
11204.30762	25.99972
11154.9707	25.99546
11105.75342	25.99036
11056.3457	25.9836
11006.49951	25.98094
10953.89063	25.97712
10904.68066	25.97181
10858.82959	25.96812
10806.4292	25.9623
10753.4165	25.95788
10706.9458	25.9501
10658.10107	25.94828
10611.89795	25.94152
10565.70215	25.93738
10510.76367	25.93025
10455.83887	25.92635
10404.01758	25.91917
10354.14111	25.91409
10307.10547	25.90826
10260.50635	25.9018
10210.71191	25.89768
10158.44727	25.88941
10103.37695	25.88438
10056.75879	25.87616
10009.91797	25.87157
9957.65576	25.86432
9909.02441	25.85942
9861.0874	25.8508
9813.33887	25.843
9764.53467	25.83725
9712.54492	25.82984
9663.28516	25.82258
9614.03955	25.81243
9562.04541	25.80783
9512.31885	25.79793
9462.59668	25.79216
9413.21045	25.7815
9360.62939	25.77266
9307.78955	25.76164
9258.31641	25.75601
9211.88135	25.74579
9165.12451	25.7354
9109.59473	25.72583
9057.41016	25.71643
9011.15283	25.70552
8964.10059	25.69517
8914.07666	25.68545
8864.84766	25.67366
8814.98291	25.66276
8762.30518	25.64936
8713.50537	25.63681
8667.66113	25.62562
8618.19043	25.61114
8565.59521	25.59698
8516.78613	25.58516
8465.42285	25.56866
8419.46143	25.55383
8373.04932	25.53706
8317.81494	25.5205
8265.57861	25.5057
8215.78198	25.48447
8165.93115	25.46837
8113.42749	25.44739
8063.97095	25.42723
8014.15747	25.4038
7967.32129	25.38246
7917.46143	25.35905
7864.43896	25.33263
7818.08813	25.3078
7766.12158	25.28006
7714.94067	25.25016
7666.74414	25.22071
7617.87402	25.18777
7568.63062	25.15095
7516.01904	25.11678
7469.74585	25.07689
7426.86426	25.03615
7377.84863	24.99391
7322.01855	24.94956
7268.9729	24.90073
7222.54468	24.8487
7173.3999	24.79771
7121.44531	24.7403
7069.427	24.683
7020.02173	24.62084
6969.97192	24.55441
6920.12622	24.48769
6870.90869	24.41574
6821.49634	24.34367
6772.33081	24.2656
6720.59644	24.18693
6668.80103	24.10536
6620.32275	24.01991
6571.87939	23.93165
6526.06348	23.84048
6480.05078	23.74806
6427.7251	23.65022
6372.5752	23.55197
6323.76392	23.45093
6277.32129	23.34708
6225.07983	23.2409
6170.89404	23.13249
6119.37329	23.02268
6073.44727	22.9079
6024.854	22.79417
5976.23926	22.67556
5933.177	22.55697
5887.13135	22.43688
5828.53564	22.31388
5778.73657	22.18964
5729.98145	22.06241
5674.81299	21.93386
5628.42944	21.80402
5579.18359	21.67299
5526.5249	21.53992
5474.10352	21.40587
5424.86963	21.27058
5375.48804	21.13251
5328.89575	20.99452
5279.45801	20.85366
5227.42578	20.71162
5175.41919	20.56846
5126.20654	20.42338
5080.05273	20.27873
5030.49512	20.13212
4977.48926	19.98175
4931.07983	19.83303
4884.62817	19.68098
4832.40356	19.52989
4783.42554	19.37563
4731.00854	19.22174
4684.55469	19.06456
4635.12598	18.90686
4582.66187	18.74753
4536.43091	18.58755
4484.43604	18.42824
4435.41797	18.26288
4387.08521	18.10261
4335.14893	17.93874
4285.9314	17.77536
4233.88989	17.60933
4184.46387	17.4419
4135.6665	17.27219
4083.95789	17.10225
4037.87207	16.92984
3988.89868	16.75789
3942.69104	16.58374
3896.23938	16.4097
3841.19971	16.23501
3789.38806	16.05919
3737.22681	15.88253
3684.86829	15.70276
3635.48438	15.52264
3589.29541	15.34294
3540.23291	15.16309
3488.40479	14.98057
3436.62598	14.79684
3386.93945	14.61262
3341.08594	14.42943
3293.08606	14.24443
3241.02783	14.05727
3188.38806	13.86926
3136.38391	13.68137
3084.60254	13.49241
3041.4563	13.30398
2995.11267	13.11466
2939.71875	12.92311
2890.85559	12.73201
2844.81921	12.5399
2792.24731	12.34941
2739.81616	12.15517
2693.91357	11.96077
2645.24988	11.76374
2593.63037	11.56829
2545.18481	11.37097
2493.76941	11.17294
2444.95081	10.97445
2395.12598	10.77417
2342.39465	10.57396
2290.45837	10.37165
2244.25061	10.17025
2198.02185	9.96929
2146.18201	9.76496
2093.77917	9.56016
2044.10199	9.35709
1997.61273	9.15091
1945.01984	8.94348
1892.2088	8.73725
1842.56213	8.52809
1796.51154	8.32019
1747.09485	8.11086
1697.37793	7.90119
1648.05273	7.68988
1592.24133	7.47831
1542.62042	7.26699
1493.56958	7.05443
1441.74609	6.8402
1392.93689	6.6275
1343.57874	6.41114
1291.4339	6.19507
1245.24268	5.97767
1198.41803	5.75973
1145.57635	5.54242
1098.77521	5.3229
1049.16147	5.10403
996.42307	4.88389
949.65945	4.66316
900.048	4.44147
847.22986	4.21856
795.39929	3.99691
743.62033	3.77286
697.22733	3.54611
650.72879	3.318
597.84497	3.08961
545.41385	2.8599
496.96358	2.63002
448.74556	2.39907
400.33284	2.16683
351.74887	1.93252
257.1918	1.46277
180.69978	1.2247
150.27468	0.98778
101.53823	0.74716
52.13557	0.50469
2.85958	0.25712
-46.26158	0.00775
-140.22047	-0.49192
-215.64279	-0.74079
-288.89056	-1.24019
-365.03775	-1.49044
-395.62238	-1.73927
-439.22623	-1.98772
-488.82591	-2.23472
-541.26401	-2.48081
-590.88251	-2.72331
-640.07642	-2.96492
-695.13483	-3.20521
-746.78476	-3.44371
-795.40393	-3.67963
-844.44067	-3.91521
-893.46799	-4.14995
-945.27277	-4.38271
-990.48343	-4.61456
-1038.814	-4.84383
-1090.33258	-5.07183
-1182.77612	-5.52649
-1263.20679	-5.75159
-1293.61078	-5.97232
-1336.43115	-6.19409
-1385.89478	-6.41483
-1435.97534	-6.63472
-1486.00201	-6.85463
-1535.84802	-7.07288
-1585.85828	-7.29127
-1635.64099	-7.50614
-1685.05762	-7.71959
-1734.58691	-7.93353
-1784.12561	-8.1451
-1833.547	-8.35569
-1883.36255	-8.56758
-1933.18042	-8.7783
-1985.38397	-8.98776
-2037.04565	-9.19586
-2086.30518	-9.40467
-2135.31372	-9.61131
-2186.91919	-9.81875
-2238.94202	-10.02465
-2287.57056	-10.22759
-2336.18518	-10.43333
-2385.13977	-10.63457
-2434.46729	-10.83566
-2481.05493	-11.03834
-2533.89197	-11.23846
-2589.95215	-11.43948
-2633.55823	-11.63674
-2679.95117	-11.83525
-2735.43884	-12.0326
-2784.91418	-12.22913
-2831.33301	-12.42431
-2883.7782	-12.61699
-2933.19495	-12.80972
-2982.37012	-13.00178
-3034.98413	-13.19419
-3084.94495	-13.38567
-3134.45557	-13.57623
-3183.47131	-13.76601
-3235.1283	-13.9524
-3283.73804	-14.13989
-3330.32336	-14.32815
-3380.12952	-14.51162
-3428.81909	-14.69781
-3480.29077	-14.88269
-3532.2926	-15.06541
-3575.52344	-15.24666
-3621.94922	-15.42805
-3674.75098	-15.60741
-3727.48938	-15.78908
-3779.81958	-15.96776
-3829.41455	-16.14561
-3879.02136	-16.32002
-3931.46899	-16.49748
-3980.91382	-16.66904
-4030.29541	-16.84484
-4079.58765	-17.01695
-4124.94141	-17.18798
-4176.38745	-17.35605
-4228.77637	-17.52458
-4278.39014	-17.69493
-4327.62134	-17.86006
-4376.04346	-18.02469
-4423.79956	-18.1844
-4471.93066	-18.34693
-4518.31396	-18.51046
-4567.70264	-18.67165
-4619.94165	-18.83247
-4672.58398	-18.99258
-4724.75708	-19.15061
-4773.83594	-19.30661
-4822.94775	-19.46263
-4871.1355	-19.6131
-4918.97583	-19.76516
-4970.64453	-19.91523
-5019.04785	-20.06355
-5067.03345	-20.21365
-5118.14844	-20.35972
-5169.48877	-20.50501
-5215.37744	-20.64912
-5264.41431	-20.79284
-5316.55688	-20.933
-5362.74561	-21.07297
-5412.3501	-21.21138
-5462.14453	-21.3502
-5512.35889	-21.48606
-5565.35547	-21.62132
-5617.18579	-21.75442
-5665.60767	-21.88345
-5714.00415	-22.01465
-5765.95679	-22.14167
-5815.06836	-22.26846
-5864.45215	-22.39039
-5913.8667	-22.51599
-5963.1145	-22.63339
-6012.35986	-22.75322
-6061.15747	-22.86863
-6115.59912	-22.98493
-6164.22754	-23.09394
-6210.02686	-23.20286
-6258.82446	-23.30928
-6311.23926	-23.41478
-6360.87646	-23.51802
-6410.49487	-23.61911
-6460.03345	-23.71467
-6509.72217	-23.8098
-6565.29907	-23.90326
-6614.52124	-23.99187
-6660.9585	-24.07923
-6710.5957	-24.16023
-6759.41211	-24.2434
-6807.70068	-24.31994
-6856.18164	-24.39414
-6907.78467	-24.46445
-6959.82642	-24.53687
-7012.0437	-24.59988
-7061.44141	-24.66274
-7108.02441	-24.72361
-7157.27441	-24.77963
-7206.83203	-24.83421
-7256.70874	-24.88544
-7306.54272	-24.93463
-7356.18237	-24.97899
-7405.80347	-25.02344
-7455.56958	-25.06528
-7505.39893	-25.10412
-7555.48193	-25.14111
-7605.06543	-25.17736
-7654.69336	-25.20859
-7704.74121	-25.24043
-7754.3291	-25.27039
-7807.05078	-25.29904
-7856.61279	-25.32682
-7902.61401	-25.35004
-7954.40015	-25.37579
-8006.22876	-25.39748
-8055.0686	-25.41911
-8100.68726	-25.4403
-8152.55737	-25.46159
-8204.22607	-25.47907
-8249.61279	-25.49814
-8301.2041	-25.51603
-8353.06787	-25.53207
-8405.11182	-25.54982
-8454.07764	-25.56345
-8500.22412	-25.57774
-8549.77002	-25.59213
-8602.15234	-25.60778
-8651.36523	-25.61978
-8697.15967	-25.63346
-8744.9668	-25.64452
-8795.99756	-25.65829
-8848.0791	-25.66998
-8897.54736	-25.68113
-8949.33789	-25.69264
-9000.97607	-25.70282
-9050.03662	-25.71475
-9093.23926	-25.72217
-9139.60889	-25.73319
-9191.53369	-25.74186
-9246.68115	-25.7528
-9299.47852	-25.76184
-9346.30811	-25.77096
-9396.1377	-25.77989
-9442.91309	-25.78774
-9492.5127	-25.79521
-9545.45996	-25.80551
-9595.39258	-25.81167
-9645.20557	-25.82054
-9695.04443	-25.82659
-9745.0498	-25.83614
-9795.25049	-25.84069
-9841.8457	-25.84978
-9891.37256	-25.85748
-9944.31494	-25.86378
-9994.52197	-25.87079
-10044.37256	-25.87656
-10093.98193	-25.88356
-10143.55811	-25.88956
-10192.8623	-25.89597
-10245.15967	-25.90218
-10297.32764	-25.90821
-10346.33154	-25.91468
-10392.39355	-25.91964
-10438.4043	-25.92552
-10486.5874	-25.92953
-10541.13428	-25.93606
-10593.06592	-25.94075
-10641.24609	-25.94795
-10686.6582	-25.95156
-10732.31934	-25.95847
-10783.91309	-25.96255
-10835.89648	-25.96542
-10884.92383	-25.97261
-10930.88037	-25.97563
-10983.46875	-25.98032
-11036.12012	-25.9839
-11085.55078	-25.99043
-11132.34277	-25.99395
-11182.31104	-26.00073
-11235.4458	-26.00278
-11285.22119	-26.00808
-11334.58887	-26.01051
-11380.98877	-26.01707
-11430.44043	-26.01983
-11483.22803	-26.02389
-11533.2124	-26.02778
-11583.45752	-26.03176
-11630.30078	-26.03625
-11680.07861	-26.0373
-11729.9248	-26.04374
-11776.14648	-26.04737
-11825.94092	-26.05089
-11875.93945	-26.05306
-11925.44775	-26.05869
-11978.20264	-26.05815
-12030.41797	-26.06555
-12082.23682	-26.06638
-12128.85498	-26.07293
-12175.65625	-26.07335
-12227.74707	-26.0777
-12276.62402	-26.08104
-12326.22119	-26.08385
-12378.81201	-26.08803
-12428.02734	-26.09003
-12474.26318	-26.09368
-12526.85596	-26.09669
-12581.771	-26.09861
-12627.51416	-26.102
-12673.74561	-26.1065
-12725.9375	-26.10726
-12775.34473	-26.1125
-12825.16992	-26.11327
-12872.35791	-26.11668
-12922.41455	-26.11976
-12975.06396	-26.12157
-13024.06543	-26.12482
-13073.72607	-26.12735
-13123.72705	-26.1323
-13173.50732	-26.13159
-13223.32813	-26.13522
-13272.64404	-26.13729
-13321.95459	-26.14096
-13371.1626	-26.14344
-13420.99707	-26.14486
-13467.62939	-26.14967
-13516.63818	-26.15163
-13566.02637	-26.15358
-13615.70117	-26.15668
-13671.37451	-26.15737
-13720.56592	-26.15981
-13769.60254	-26.16344
-13818.83789	-26.16443
-13867.83008	-26.16812
-13919.16113	-26.16865
-13970.69824	-26.17112
-14016.87354	-26.17338
-14063.24609	-26.17654
-14115.2832	-26.17832
-14166.93262	-26.17967
-14218.94141	-26.18299
-14268.9917	-26.18273
-14315.6543	-26.18779
-14365.46045	-26.18701
-14418.84131	-26.19088
-14468.85596	-26.19278
-14518.49121	-26.19404
-14564.29053	-26.19737
-14613.21191	-26.1986
-14665.35938	-26.20049
-14717.15967	-26.20202
-14772.17578	-26.20532
-14818.20996	-26.20367
-14864.40625	-26.20847
-14917.396	-26.20881
-14967.31445	-26.21166
-15000.20947	-26.21313
-14996.63672	-26.21271
-14987.83496	-26.21319
-14957.29492	-26.21087
-14911.54492	-26.20654
-14862.39111	-26.2075
-14809.35986	-26.20645
-14762.30322	-26.20454
-14712.73096	-26.20349
-14656.73193	-26.19975
-14609.9707	-26.19756
-14563.44385	-26.19579
-14511.27588	-26.19563
-14462.03711	-26.19229
-14411.81787	-26.19086
-14359.24854	-26.18805
-14310.62207	-26.18598
-14267.33008	-26.18285
-14218.03369	-26.1826
-14166.86279	-26.18153
-14118.28809	-26.18019
-14065.85156	-26.1745
-14013.45117	-26.17364
-13961.51514	-26.17128
-13913.21289	-26.1691
-13861.82568	-26.16711
-13810.80615	-26.16631
-13766.17285	-26.16339
-13717.93604	-26.15871
-13671.94434	-26.15769
-13622.87695	-26.15466
-13570.98242	-26.15332
-13521.39258	-26.15249
-13471.4248	-26.14869
-13421.5835	-26.1446
-13371.93506	-26.14339
-13319.13281	-26.14019
-13269.60986	-26.1394
-13220.31348	-26.13575
-13171.36816	-26.13339
-13122.56104	-26.1303
-13070.67188	-26.12691
-13022.24023	-26.12239
-12973.84912	-26.12286
-12922.19922	-26.12011
-12875.95166	-26.11707
-12829.75586	-26.11513
-12774.94141	-26.11168
-12722.88818	-26.10744
-12673.4873	-26.10693
-12626.90674	-26.10277
-12577.56543	-26.10053
-12522.04492	-26.09726
-12472.46387	-26.09317
-12422.84961	-26.09002
-12373.00146	-26.08657
-12322.96533	-26.08632
-12272.97168	-26.0804
-12226.4707	-26.07975
-12177.20898	-26.07362
-12130.83252	-26.07202
-12080.97217	-26.06825
-12025.55273	-26.06566
-11970.76855	-26.06032
-11922.25732	-26.05705
-11876.92725	-26.05425
-11827.93066	-26.05117
-11777.74658	-26.04567
-11725.09473	-26.04464
-11670.47266	-26.0381
-11622.09961	-26.03501
-11579.04736	-26.03245
-11529.79492	-26.0261
-11481.18506	-26.02403
-11431.79443	-26.01836
-11382.68701	-26.01739
-11334.26953	-26.01145
-11282.56592	-26.00728
-11230.625	-26.00349
-11181.90283	-25.99975
-11132.72314	-25.99484
-11083.1377	-25.98981
-11033.68799	-25.98458
-10981.05273	-25.97998
-10928.28613	-25.97611
-10879.0874	-25.97212
-10835.85645	-25.96754
-10786.25195	-25.96006
-10731.23096	-25.95725
-10682.98975	-25.95157
-10634.41553	-25.94754
-10585.24951	-25.93973
-10538.89648	-25.93591
-10485.94971	-25.92952
-10433.73193	-25.92424
-10385.30225	-25.92018
-10333.4834	-25.91335
-10280.89551	-25.90678
-10233.7002	-25.90245
-10186.80957	-25.89693
-10134.94824	-25.88873
-10082.74463	-25.88374
-10036.06348	-25.87514
-9987.04102	-25.86996
-9937.89404	-25.86183
-9888.55469	-25.8578
-9836.41016	-25.84668
-9787.01465	-25.84279
-9734.62793	-25.83406
-9685.20166	-25.8275
-9638.73828	-25.81903
-9585.979	-25.81232
-9533.4541	-25.8033
-9484.48779	-25.79508
-9431.90381	-25.78852
-9382.28076	-25.77682
-9338.83691	-25.77257
-9292.21338	-25.76111
-9243.2251	-25.75314
-9194.68359	-25.7431
-9143.14453	-25.7343
-9088.55518	-25.72364
-9036.7334	-25.71381
-8991.10498	-25.70223
-8942.31738	-25.69145
-8892.94531	-25.68278
-8843.84473	-25.67025
-8791.93457	-25.65848
-8742.55811	-25.64521
-8693.35498	-25.63438
-8643.90771	-25.62014
-8593.70996	-25.60792
-8547.31006	-25.5923
-8497.5625	-25.57861
-8447.45166	-25.56487
-8397.91064	-25.54881
-8342.07568	-25.53281
-8292.38623	-25.51392
-8245.38574	-25.49909
-8195.79565	-25.47851
-8147.31006	-25.46162
-8098.83618	-25.44004
-8046.85059	-25.42043
-7995.20068	-25.39558
-7943.55298	-25.37516
-7894.16675	-25.34946
-7847.81616	-25.32549
-7798.65771	-25.29799
-7743.48657	-25.27015
-7691.7146	-25.23988
-7648.66699	-25.2071
-7602.67993	-25.17359
-7554.09839	-25.13906
-7501.95801	-25.10353
-7449.67236	-25.06312
-7400.51392	-25.02294
-7350.72388	-24.97625
-7300.48828	-24.9323
-7250.88184	-24.8828
-7202.06543	-24.83153
-7156.12524	-24.77663
-7103.80225	-24.72031
-7051.78833	-24.66107
-7002.95093	-24.59675
-6951.31519	-24.53161
-6902.91431	-24.46101
-6850.93848	-24.39137
-6801.26367	-24.31468
-6755.1709	-24.23878
-6706.16016	-24.15649
-6656.72949	-24.0721
-6604.10815	-23.98697
-6550.91455	-23.89746
-6500.96094	-23.80437
-6451.41504	-23.71122
-6404.82959	-23.61192
-6354.646	-23.51188
-6304.83057	-23.4102
-6255.39038	-23.30387
-6205.76245	-23.19704
-6159.16748	-23.08638
-6106.55322	-22.97727
-6054.48828	-22.86284
-6005.08813	-22.74599
-5952.88232	-22.62709
-5901.04004	-22.50902
-5855.00342	-22.38663
-5806.25757	-22.26256
-5754.54907	-22.13917
-5708.34131	-22.01301
-5662.15698	-21.884
-5609.74707	-21.75249
-5557.48975	-21.62108
-5511.30103	-21.48735
-5461.90063	-21.35387
-5406.82813	-21.21609
-5357.44434	-21.07937
-5311.73389	-20.93783
-5260.302	-20.79813
-5211.04248	-20.65702
-5161.83203	-20.51219
-5110.31567	-20.36597
-5059.01294	-20.21921
-5007.40771	-20.07202
-4964.177	-19.92185
-4917.7229	-19.77258
-4862.49561	-19.6181
-4807.48657	-19.46545
-4758.60693	-19.3111
-4715.34082	-19.15481
-4662.73145	-18.99676
-4607.88159	-18.8393
-4559.45947	-18.6807
-4511.04932	-18.52078
-4462.8501	-18.35972
-4414.33643	-18.19743
-4362.60205	-18.03395
-4313.39868	-17.86778
-4267.13916	-17.70312
-4217.71558	-17.53407
-4164.71704	-17.36743
-4111.95276	-17.19519
-4062.83167	-17.02445
-4013.6449	-16.85085
-3965.04199	-16.68003
-3916.81921	-16.50615
-3864.78699	-16.33139
-3815.9873	-16.155
-3766.65967	-15.97723
-3711.125	-15.80009
-3662.7218	-15.62119
-3614.10962	-15.44271
-3564.85925	-15.26202
-3519.09973	-15.0824
-3469.71594	-14.90156
-3419.36792	-14.71829
-3369.27087	-14.5321
-3319.69226	-14.3483
-3270.49609	-14.16126
-3218.04395	-13.97452
-3165.39929	-13.78827
-3112.59277	-13.5987
-3066.47656	-13.41244
-3023.5553	-13.22412
-2973.75146	-13.03328
-2921.31799	-12.84151
-2869.27637	-12.6492
-2820.67603	-12.45653
-2772.28674	-12.26273
-2723.16101	-12.06701
-2670.66431	-11.87227
-2620.87219	-11.67784
-2571.24902	-11.48108
-2524.82324	-11.28324
-2478.2168	-11.08377
-2425.81384	-10.88502
-2373.27246	-10.68399
-2317.95361	-10.4841
-2269.36487	-10.2831
-2223.31189	-10.08288
-2174.07349	-9.88003
-2125.48718	-9.6773
-2070.81348	-9.47358
-2019.42395	-9.26713
-1974.45947	-9.06357
-1926.2016	-8.8582
-1874.11072	-8.65177
-1818.85767	-8.44564
-1772.89862	-8.23845
-1730.30347	-8.03087
-1678.75916	-7.82264
-1629.60986	-7.61198
-1580.20721	-7.40039
-1525.20514	-7.18904
-1476.15436	-6.98005
-1429.32031	-6.76609
-1379.24677	-6.55106
-1329.77844	-6.33554
-1277.98773	-6.11863
-1225.53558	-5.90302
-1178.49274	-5.68453
-1128.70056	-5.46591
-1075.69946	-5.24586
-1025.75024	-5.02708
-979.60123	-4.80601
-933.99881	-4.58557
-882.36765	-4.36248
-827.9426	-4.14092
-779.13574	-3.91723
-729.73071	-3.69155
-677.46854	-3.46437
-631.22571	-3.23901
-585.06491	-3.01675
-535.83348	-2.78629
-483.97244	-2.5554
-432.16064	-2.32443
-385.97173	-2.09064
-339.62566	-1.85616
-247.84837	-1.3853
-169.03635	-1.14791
-136.24199	-0.9062
-87.82925	-0.6634
-32.50344	-0.41824
20.20915	-0.17054
112.83797	0.58123
253.64259	1.08306
329.60211	1.33392
359.99905	1.5837
415.19585	1.83251
466.99121	2.07973
515.2186	2.32554
558.17032	2.56867
607.36893	2.80885
665.67859	3.04904
717.77658	3.28896
763.83649	3.52749
810.04181	3.76532
858.50613	3.99892
909.74554	4.23257
961.30402	4.46375
1011.04678	4.69415
1061.22821	4.92407
1110.4104	5.15308
1199.03961	5.60722
1272.09503	5.83088
1308.67792	6.05548
1360.82043	6.27948
1409.98145	6.50016
1459.77588	6.72048
1509.60547	6.94053
1561.67303	7.15921
1607.68604	7.37494
1653.87488	7.59174
1709.2124	7.80586
1758.53766	8.01977
1807.78552	8.23266
1856.86444	8.44243
1905.68066	8.6535
1957.86786	8.86427
2004.09424	9.07069
2056.37988	9.28103
2105.229	9.48949
2153.45398	9.69526
2205.2915	9.89799
2254.51355	10.10298
2306.5061	10.30717
2349.82385	10.51048
2401.57471	10.71188
2456.5885	10.91371
2503.19727	11.115
2552.63281	11.31612
2601.8501	11.51312
2650.68738	11.70925
2699.99622	11.90272
2746.6637	12.09945
2795.86462	12.29386
2850.9137	12.48978
2902.73486	12.68553
2951.33289	12.87689
3000.35547	13.07
3049.87769	13.26156
3099.60413	13.45282
3155.0332	13.64338
3203.67346	13.83356
3249.08118	14.02171
3298.20459	14.20763
3344.01343	14.39221
3395.729	14.57851
3448.41113	14.76311
3498.46838	14.94676
3548.27917	15.13171
3594.9231	15.3109
3644.95435	15.49352
3697.92493	15.67299
3744.29443	15.85122
3793.87085	16.02957
3846.25989	16.20648
3894.68188	16.38346
3946.22144	16.5575
3994.81482	16.72958
4043.58423	16.90262
4095.66345	17.07764
4144.29419	17.24703
4193.53271	17.41803
4242.75	17.58576
4288.77222	17.75357
4338.1748	17.92088
4390.34082	18.08839
4442.69238	18.2512
4491.87207	18.41557
4537.89453	18.5789
4590.54639	18.73836
4640.15552	18.90007
4692.16211	19.05687
4743.82617	19.2152
4792.45947	19.37161
4844.27344	19.52672
4893.3147	19.68069
4942.14038	19.83428
4993.76465	19.98357
5043.15332	20.13524
5089.49219	20.28326
5139.04028	20.43034
5188.8042	20.57509
5238.04028	20.71997
5287.71265	20.86281
5340.5376	21.00395
5389.92627	21.145
5439.51904	21.28238
5492.302	21.42048
5538.70923	21.55365
5584.99902	21.6888
5637.44873	21.81885
5692.84961	21.95118
5744.58618	22.07969
5789.95166	22.20621
5838.97925	22.33121
5888.3772	22.45435
5940.81274	22.57814
5993.27661	22.69639
6033.68799	22.81322
6080.19141	22.92663
6135.31543	23.04203
6190.104	23.15085
6241.64136	23.26095
6287.64771	23.36401
6333.72192	23.4705
6385.36694	23.56888
6440.33862	23.67089
6486.47583	23.76604
6532.47705	23.85859
6584.31006	23.95205
6633.97998	24.03853
6686.39673	24.12528
6732.39087	24.20405
6778.56812	24.28522
6830.52319	24.36021
6879.73389	24.43504
6929.57739	24.50352
6982.30127	24.57253
7034.74414	24.63448
7084.66284	24.69605
7133.79565	24.75344
7182.54639	24.80897
7231.9397	24.85987
7281.2063	24.91239
7330.65356	24.9609
7383.24878	25.00362
7432.46826	25.04723
7481.75854	25.08694
7533.68799	25.12595
7582.50171	25.16104
7631.10645	25.19476
7676.95996	25.22525
7723.36499	25.25683
7772.95288	25.28713
7822.91846	25.31577
7872.68921	25.33987
7928.47949	25.3654
7984.5188	25.38752
8034.77734	25.41159
8078.5498	25.43341
8124.83496	25.45164
8177.15576	25.47279
8226.57471	25.49035
8276.604	25.50982
8326.6333	25.52704
8376.27295	25.54129
8425.71533	25.55827
8474.83887	25.57352
8526.76563	25.58973
8578.854	25.60034
8631.50098	25.61637
8680.89404	25.62809
8726.72168	25.64174
8775.5332	25.65432
8824.1875	25.66556
8876.06494	25.67774
8924.6748	25.68856
8973.32471	25.69884
9025.77441	25.70968
9078.36963	25.72161
9124.98096	25.72901
9174.94678	25.74097
9230.69922	25.749
9277.32422	25.75978
9323.77197	25.76762
9375.60059	25.77818
9425.02197	25.78587
9474.93115	25.79402
9524.64551	25.80239
9571.46289	25.81066
9624.66357	25.81962
9677.90625	25.82384
9724.74707	25.83412
9774.55371	25.83888
9823.68457	25.84889
9872.22852	25.85485
9923.86621	25.86269
9972.46631	25.86801
10021.49854	25.87485
10070.77002	25.88127
10122.59814	25.88926
10174.65381	25.89371
10223.89746	25.89914
10270.29297	25.90773
10316.71143	25.91176
10368.76953	25.91752
10421.24756	25.92353
10477.25391	25.9283
10524.19141	25.93436
10567.74805	25.9412
10620.74854	25.94351
10667.56836	25.95093
10716.99463	25.95483
10769.64404	25.96086
10819.27686	25.96523
10871.27637	25.96967
10919.93994	25.97539
10968.80518	25.97939
11020.77637	25.98513
11069.56445	25.98821
11117.99609	25.99555
11169.61572	25.99545
11215.73877	26.00249
11262.06152	26.00631
11313.87842	26.01025
11365.91992	26.01406
11418.31787	26.01905
11466.94189	26.02341
11515.86377	26.02603
11568.9375	26.03076
11621.7627	26.03461
11665.39697	26.04004
11715.62305	26.04195
11768.66602	26.04851
11815.28906	26.04864
11864.61914	26.05463
11913.38574	26.057
11965.20947	26.06195
12017.18799	26.063
12063.43311	26.06914
12110.28125	26.06978
12159.88086	26.0736
12209.65869	26.07664
12262.43701	26.08188
12314.62158	26.0844
12367.44189	26.08802
12417.48975	26.08829
12463.70996	26.09261
12512.91406	26.09546
12565.00488	26.10038
12616.35205	26.10099
12664.94287	26.1054
12713.93945	26.10804
12762.85449	26.11092
12814.71777	26.11313
12863.69287	26.11704
12912.97168	26.11954
12959.07666	26.12166
13004.69043	26.1262
13056.32568	26.12699
13105.95557	26.12985
13155.96582	26.13168
13208.19043	26.13645
13257.32324	26.13721
13307.25635	26.14008
13357.08691	26.14377
13406.93994	26.14668
13459.77148	26.14975
13512.38525	26.15048
13562.1001	26.15291
13609.39648	26.15511
13659.77002	26.15713
13706.37207	26.16045
13759.01416	26.16318
13808.45459	26.16398
13855.08496	26.16859
13910.82324	26.16749
13959.96045	26.17088
14008.97168	26.17428
14060.59375	26.17448
14111.62402	26.17844
14159.64014	26.17948
14202.46045	26.18266
14251.75342	26.18388
14303.58887	26.18703
14353.00049	26.18789
14403.27344	26.19066
14453.69434	26.19106
14503.29834	26.19501
14552.73145	26.19577
14602.67383	26.19956
14652.99121	26.20048
14703.21484	26.20131
14753.08203	26.20479
14803.10889	26.20527
14852.90576	26.20838
14905.7168	26.20824
14955.20801	26.21235
15001.58691	26.21403