X Binging energy (eV)    Ga 2p	Ga 2p fitresult	Ga 2p peak 2	Ga 2p peak 3 	Y (Intensity a.u.)
1110.07	0.03485	0.03982	0.03945	0.03845
1110.17	0.05017	0.03987	0.03948	0.03846
1110.27	0.03141	0.03992	0.03952	0.03848
1110.37	0.03714	0.03997	0.03956	0.03849
1110.47	0.03532	0.04002	0.0396	0.0385
1110.57	0.03967	0.04008	0.03964	0.03852
1110.67	0.04493	0.04014	0.03968	0.03854
1110.77	0.04149	0.0402	0.03972	0.03855
1110.87	0.02572	0.04026	0.03977	0.03857
1110.97	0.03032	0.04033	0.03982	0.03859
1111.07	0.04748	0.0404	0.03987	0.03861
1111.17	0.05227	0.04048	0.03992	0.03864
1111.27	0.03373	0.04056	0.03998	0.03866
1111.37	0.04517	0.04064	0.04003	0.03868
1111.47	0.04288	0.04073	0.04009	0.03871
1111.57	0.02916	0.04082	0.04016	0.03874
1111.67	0.02986	0.04092	0.04022	0.03877
1111.77	0.05663	0.04102	0.04029	0.0388
1111.87	0.04883	0.04113	0.04037	0.03884
1111.97	0.0367	0.04124	0.04044	0.03888
1112.07	0.03647	0.04136	0.04053	0.03892
1112.17	0.03488	0.04149	0.04061	0.03896
1112.27	0.02255	0.04163	0.0407	0.03901
1112.37	0.03629	0.04178	0.0408	0.03906
1112.47	0.04247	0.04194	0.0409	0.03912
1112.57	0.02875	0.04211	0.041	0.03918
1112.67	0.04226	0.04229	0.04111	0.03925
1112.77	0.04432	0.04248	0.04123	0.03933
1112.87	0.03105	0.04269	0.04136	0.03941
1112.97	0.05278	0.04292	0.04149	0.0395
1113.07	0.04636	0.04316	0.04164	0.0396
1113.17	0.04429	0.04343	0.04179	0.03972
1113.27	0.04177	0.04371	0.04195	0.03984
1113.37	0.05	0.04403	0.04213	0.03998
1113.47	0.05135	0.04438	0.04231	0.04015
1113.57	0.04768	0.04476	0.04251	0.04033
1113.67	0.05749	0.04519	0.04273	0.04054
1113.77	0.05449	0.04566	0.04296	0.04078
1113.87	0.04532	0.0462	0.04321	0.04107
1113.97	0.0524	0.0468	0.04348	0.0414
1114.07	0.06495	0.04749	0.04378	0.04179
1114.17	0.04205	0.04828	0.04409	0.04227
1114.27	0.06033	0.04921	0.04444	0.04285
1114.37	0.05732	0.0503	0.04482	0.04356
1114.47	0.05958	0.05159	0.04524	0.04443
1114.57	0.05817	0.05314	0.0457	0.04552
1114.67	0.057	0.05501	0.04621	0.04688
1114.77	0.04303	0.05727	0.04677	0.04857
1114.87	0.05925	0.05999	0.04741	0.05067
1114.97	0.06836	0.06326	0.04812	0.05323
1115.07	0.06283	0.06715	0.04892	0.05631
1115.17	0.0509	0.0717	0.04983	0.05995
1115.27	0.07534	0.07693	0.05089	0.06412
1115.37	0.08259	0.08279	0.05212	0.06876
1115.47	0.09669	0.08921	0.05357	0.07372
1115.57	0.11533	0.09603	0.05532	0.07879
1115.67	0.11634	0.10308	0.05745	0.08371
1115.77	0.12764	0.11019	0.06011	0.08816
1115.87	0.12154	0.11722	0.06349	0.09182
1115.97	0.10973	0.12415	0.06783	0.0944
1116.07	0.12058	0.13112	0.0735	0.0957
1116.17	0.12592	0.13846	0.08095	0.09559
1116.27	0.13995	0.1468	0.09079	0.09409
1116.37	0.1384	0.157	0.10376	0.09132
1116.47	0.1748	0.17018	0.12073	0.08752
1116.57	0.19947	0.18762	0.14272	0.08298
1116.67	0.22296	0.21075	0.1708	0.07802
1116.77	0.24321	0.24089	0.20602	0.07295
1116.87	0.28125	0.27922	0.24927	0.06803
1116.97	0.32265	0.32652	0.30114	0.06346
1117.07	0.39187	0.38304	0.36175	0.05936
1117.17	0.44816	0.44831	0.43058	0.05581
1117.27	0.52195	0.52101	0.50628	0.05281
1117.37	0.60636	0.5989	0.58666	0.05032
1117.47	0.66158	0.67889	0.66868	0.04829
1117.57	0.74117	0.75717	0.7486	0.04665
1117.67	0.82358	0.82949	0.82223	0.04534
1117.77	0.91362	0.8915	0.88529	0.04429
1117.87	0.9196	0.9392	0.93384	0.04344
1117.97	0.98866	0.96934	0.96467	0.04275
1118.07	1	0.97977	0.97565	0.04219
1118.17	0.96354	0.96968	0.96603	0.04173
1118.27	0.94954	0.93974	0.93648	0.04135
1118.37	0.88071	0.89196	0.88902	0.04102
1118.47	0.82503	0.82947	0.82681	0.04075
1118.57	0.76626	0.75618	0.75375	0.04051
1118.67	0.647	0.67634	0.67412	0.0403
1118.77	0.5698	0.59416	0.59212	0.04012
1118.87	0.50279	0.51341	0.51152	0.03996
1118.97	0.43727	0.43718	0.43543	0.03982
1119.07	0.37118	0.36772	0.3661	0.0397
1119.17	0.32807	0.30643	0.30492	0.03959
1119.27	0.25898	0.25387	0.25246	0.03949
1119.37	0.20761	0.20997	0.20865	0.0394
1119.47	0.17737	0.17417	0.17293	0.03932
1119.57	0.1849	0.14557	0.1444	0.03924
1119.67	0.15743	0.12314	0.12204	0.03918
1119.77	0.14602	0.1058	0.10477	0.03912
1119.87	0.1008	0.09254	0.09156	0.03906
1119.97	0.11715	0.08247	0.08154	0.03901
1120.07	0.09598	0.07483	0.07395	0.03896
1120.17	0.07645	0.06902	0.06818	0.03892
1120.27	0.07708	0.06456	0.06376	0.03888
1120.37	0.07587	0.06109	0.06033	0.03884
1120.47	0.06712	0.05836	0.05763	0.0388
1120.57	0.06136	0.05616	0.05547	0.03877
1120.67	0.0316	0.05436	0.0537	0.03874
1120.77	0.04373	0.05286	0.05223	0.03871
1120.87	0.0467	0.05159	0.05099	0.03868
1120.97	0.04349	0.0505	0.04992	0.03866
1121.07	0.04828	0.04956	0.049	0.03864
1121.17	0.03729	0.04873	0.04819	0.03861
1121.27	0.03341	0.04799	0.04748	0.03859
1121.37	0.02291	0.04734	0.04684	0.03858
1121.47	0.04786	0.04675	0.04628	0.03856
1121.57	0.03847	0.04622	0.04576	0.03854
1121.67	0.03048	0.04575	0.0453	0.03852
1121.77	0.04581	0.04531	0.04488	0.03851
1121.87	0.04626	0.04491	0.0445	0.03849
1121.97	0.03642	0.04455	0.04415	0.03848
1122.07	0.02294	0.04422	0.04383	0.03847
1122.17	0.02914	0.04391	0.04354	0.03845
1122.27	0.02939	0.04363	0.04327	0.03844
1122.37	0.03604	0.04337	0.04301	0.03843
1122.47	0.03216	0.04312	0.04278	0.03842
1122.57	0.03286	0.0429	0.04257	0.03841
1122.67	0.02487	0.04269	0.04237	0.0384
1122.77	0.02353	0.04249	0.04218	0.03839
1122.87	0.03842	0.04231	0.04201	0.03838
1122.97	0.03796	0.04214	0.04184	0.03837
1123.07	0.02608	0.04198	0.04169	0.03837
1123.17	0.04188	0.04183	0.04155	0.03836
1123.27	0.03045	0.04169	0.04142	0.03835
1123.37	0.03732	0.04155	0.04129	0.03834
1123.47	0.03527	0.04143	0.04117	0.03834
1123.57	0.02797	0.04131	0.04106	0.03833
1123.67	0.03393	0.0412	0.04095	0.03832
1123.77	0.028	0.04109	0.04085	0.03832
1123.87	0.03189	0.04099	0.04076	0.03831
1123.97	0.02891	0.0409	0.04067	0.03831
1124.07	0.03851	0.04081	0.04059	0.0383
1124.17	0.04789	0.04072	0.04051	0.0383
1124.27	0.0376	0.04064	0.04043	0.03829
1124.37	0.03417	0.04057	0.04036	0.03829
1124.47	0.0456	0.04049	0.04029	0.03828
1124.57	0.0424	0.04042	0.04022	0.03828
1124.67	0.03989	0.04036	0.04016	0.03827
1124.77	0.04926	0.04029	0.0401	0.03827
1124.87	0.03554	0.04023	0.04005	0.03827
1124.97	0.03691	0.04017	0.03999	0.03826
1125.07	0.05955	0.04012	0.03994	0.03826
1125.17	0.03881	0.04007	0.03989	0.03825
1125.27	0.05618	0.04002	0.03984	0.03825
1125.37	0.03812	0.03997	0.0398	0.03825
1125.47	0.04772	0.03992	0.03976	0.03825
1125.57	0.02463	0.03988	0.03971	0.03824
1125.67	0.03126	0.03983	0.03968	0.03824
1125.77	0.04178	0.03979	0.03964	0.03824
1125.87	0.04292	0.03975	0.0396	0.03823
1125.97	0.05184	0.03972	0.03957	0.03823
1126.07	0.04841	0.03968	0.03953	0.03823
1126.17	0.03812	0.03965	0.0395	0.03823
1126.27	0.04041	0.03961	0.03947	0.03822
1126.37	0.04223	0.03958	0.03944	0.03822
1126.47	0.05938	0.03955	0.03941	0.03822
1126.57	0.06258	0.03952	0.03938	0.03822
1126.67	0.04361	0.03949	0.03936	0.03821
1126.77	0.05115	0.03946	0.03933	0.03821
1126.87	0.03926	0.03944	0.03931	0.03821
1126.97	0.03903	0.03941	0.03928	0.03821
1127.07	0.03858	0.03939	0.03926	0.03821
1127.17	0.05046	0.03936	0.03924	0.03821
1127.27	0.04338	0.03934	0.03922	0.0382
1127.37	0.05366	0.03932	0.0392	0.0382
1127.47	0.06395	0.0393	0.03918	0.0382
1127.57	0.06898	0.03928	0.03916	0.0382
1127.67	0.07355	0.03926	0.03914	0.0382
1127.77	0.06075	0.03924	0.03912	0.0382
1127.87	0.06738	0.03922	0.03911	0.03819
1127.97	0.06395	0.0392	0.03909	0.03819
1128.07	0.06235	0.03919	0.03907	0.03819
1128.17	0.06395	0.03917	0.03906	0.03819
1128.27	0.06104	0.03915	0.03904	0.03819
1128.37	0.04924	0.03914	0.03903	0.03819
1128.47	0.05769	0.03912	0.03902	0.03819
1128.57	0.04729	0.03911	0.039	0.03819
1128.67	0.06283	0.0391	0.03899	0.03818
1128.77	0.06304	0.03908	0.03898	0.03818
1128.87	0.04835	0.03907	0.03897	0.03818
1128.97	0.06298	0.03906	0.03895	0.03818
1129.07	0.07456	0.03904	0.03894	0.03818
1129.17	0.04887	0.03903	0.03893	0.03818
1129.27	0.0518	0.03902	0.03892	0.03818
1129.37	0.04376	0.03901	0.03891	0.03818
1129.47	0.04948	0.039	0.0389	0.03818
1129.57	0.07028	0.03899	0.03889	0.03818
1129.67	0.05454	0.03898	0.03889	0.03818
1129.77	0.04165	0.03897	0.03888	0.03818
1129.87	0.05239	0.03896	0.03887	0.03817
1129.97	0.06359	0.03896	0.03886	0.03817
1130.07	0.05682	0.03895	0.03885	0.03817
1130.17	0.05907	0.03894	0.03885	0.03817
1130.27	0.03629	0.03893	0.03884	0.03817
1130.37	0.03126	0.03892	0.03883	0.03817
1130.47	0.0651	0.03892	0.03883	0.03817
1130.57	0.05161	0.03891	0.03882	0.03817
1130.67	0.04955	0.0389	0.03881	0.03817
1130.77	0.0592	0.0389	0.03881	0.03817
1130.87	0.05324	0.03889	0.0388	0.03817
1130.97	0.05156	0.03889	0.0388	0.03817
1131.07	0.05411	0.03888	0.03879	0.03817
1131.17	0.05445	0.03888	0.03879	0.03817
1131.27	0.04302	0.03887	0.03878	0.03817
1131.37	0.05811	0.03887	0.03878	0.03817
1131.47	0.05888	0.03887	0.03878	0.03817
1131.57	0.04292	0.03886	0.03877	0.03817
1131.67	0.04406	0.03886	0.03877	0.03817
1131.77	0.05069	0.03885	0.03877	0.03817
1131.87	0.04512	0.03885	0.03876	0.03817
1131.97	0.04411	0.03885	0.03876	0.03817
1132.07	0.04229	0.03885	0.03876	0.03817
1132.17	0.05532	0.03884	0.03876	0.03817
1132.27	0.04466	0.03884	0.03875	0.03817
1132.37	0.05629	0.03884	0.03875	0.03817
1132.47	0.06092	0.03884	0.03875	0.03817
1132.57	0.04385	0.03884	0.03875	0.03817
1132.67	0.04705	0.03884	0.03875	0.03817
1132.77	0.06009	0.03884	0.03875	0.03817
1132.87	0.03718	0.03884	0.03875	0.03817
1132.97	0.04564	0.03884	0.03875	0.03817
1133.07	0.03261	0.03884	0.03875	0.03817
1133.17	0.03627	0.03884	0.03875	0.03817
1133.27	0.02736	0.03884	0.03875	0.03817
1133.37	0.03581	0.03884	0.03875	0.03817
1133.47	0.04084	0.03884	0.03875	0.03817
1133.57	0.0429	0.03884	0.03875	0.03817
1133.67	0.0525	0.03884	0.03875	0.03817
1133.77	0.05204	0.03884	0.03875	0.03817
1133.87	0.04336	0.03885	0.03875	0.03817
1133.97	0.0269	0.03885	0.03875	0.03817
1134.07	0.03513	0.03885	0.03876	0.03818
1134.17	0.02758	0.03886	0.03876	0.03818
1134.27	0.0525	0.03886	0.03876	0.03818
1134.37	0.05776	0.03886	0.03876	0.03818
1134.47	0.0461	0.03887	0.03877	0.03818
1134.57	0.03696	0.03887	0.03877	0.03818
1134.67	0.04839	0.03888	0.03877	0.03818
1134.77	0.06164	0.03888	0.03878	0.03818
1134.87	0.05456	0.03889	0.03878	0.03818
1134.97	0.04267	0.03889	0.03879	0.03818
1135.07	0.03627	0.0389	0.03879	0.03819
1135.17	0.05844	0.03891	0.0388	0.03819
1135.27	0.04039	0.03891	0.0388	0.03819
1135.37	0.03879	0.03892	0.03881	0.03819
1135.47	0.03604	0.03893	0.03882	0.03819
1135.57	0.0333	0.03894	0.03882	0.03819
1135.67	0.0333	0.03895	0.03883	0.0382
1135.77	0.06004	0.03896	0.03884	0.0382
1135.87	0.06096	0.03897	0.03884	0.0382
1135.97	0.06599	0.03898	0.03885	0.0382
1136.07	0.04964	0.03899	0.03886	0.0382
1136.17	0.05028	0.039	0.03887	0.03821
1136.27	0.05372	0.03901	0.03888	0.03821
1136.37	0.04652	0.03902	0.03889	0.03821
1136.47	0.04891	0.03904	0.0389	0.03822
1136.57	0.04708	0.03905	0.03891	0.03822
1136.67	0.04359	0.03907	0.03892	0.03822
1136.77	0.07219	0.03908	0.03894	0.03822
1136.87	0.05401	0.0391	0.03895	0.03823
1136.97	0.05449	0.03912	0.03896	0.03823
1137.07	0.03697	0.03913	0.03898	0.03824
1137.17	0.04085	0.03915	0.03899	0.03824
1137.27	0.03308	0.03917	0.03901	0.03824
1137.37	0.04268	0.03919	0.03903	0.03825
1137.47	0.03514	0.03922	0.03904	0.03825
1137.57	0.03857	0.03924	0.03906	0.03826
1137.67	0.05045	0.03926	0.03908	0.03826
1137.77	0.04588	0.03929	0.0391	0.03827
1137.87	0.04611	0.03932	0.03912	0.03828
1137.97	0.03742	0.03935	0.03914	0.03828
1138.07	0.04085	0.03938	0.03917	0.03829
1138.17	0.04062	0.03941	0.03919	0.0383
1138.27	0.04771	0.03944	0.03922	0.03831
1138.37	0.06165	0.03948	0.03924	0.03831
1138.47	0.05057	0.03952	0.03927	0.03832
1138.57	0.03931	0.03956	0.0393	0.03833
1138.67	0.0281	0.0396	0.03933	0.03834
1138.77	0.03496	0.03964	0.03937	0.03836
1138.87	0.03405	0.03969	0.0394	0.03837
1138.97	0.02262	0.03974	0.03944	0.03838
1139.07	0.04388	0.0398	0.03948	0.0384
1139.17	0.04593	0.03985	0.03952	0.03841
1139.27	0.04068	0.03991	0.03956	0.03843
1139.37	0.02628	0.03998	0.03961	0.03845
1139.47	0.05005	0.04005	0.03966	0.03847
1139.57	0.05942	0.04012	0.03971	0.03849
1139.67	0.05874	0.0402	0.03977	0.03852
1139.77	0.04159	0.04029	0.03983	0.03854
1139.87	0.05165	0.04038	0.03989	0.03857
1139.97	0.04852	0.04049	0.03996	0.03861
1140.07	0.02771	0.04059	0.04003	0.03864
1140.17	0.02383	0.04071	0.04011	0.03869
1140.27	0.03115	0.04084	0.04019	0.03873
1140.37	0.05309	0.04098	0.04028	0.03878
1140.47	0.02834	0.04114	0.04037	0.03885
1140.57	0.03839	0.04131	0.04048	0.03891
1140.67	0.03174	0.0415	0.04059	0.03899
1140.77	0.03013	0.04171	0.04071	0.03909
1140.87	0.02372	0.04195	0.04084	0.0392
1140.97	0.05162	0.04222	0.04098	0.03933
1141.07	0.03693	0.04253	0.04113	0.03948
1141.17	0.03919	0.04289	0.0413	0.03967
1141.27	0.04122	0.0433	0.04148	0.03991
1141.37	0.03456	0.04379	0.04168	0.04019
1141.47	0.04643	0.04437	0.0419	0.04055
1141.57	0.03815	0.04506	0.04214	0.041
1141.67	0.03767	0.04588	0.04241	0.04155
1141.77	0.05113	0.04688	0.04272	0.04224
1141.87	0.03096	0.04806	0.04306	0.04308
1141.97	0.03918	0.04946	0.04344	0.0441
1142.07	0.03389	0.0511	0.04388	0.0453
1142.17	0.03022	0.05298	0.04439	0.04667
1142.27	0.04256	0.05511	0.04497	0.04821
1142.37	0.06492	0.05745	0.04567	0.04986
1142.47	0.06506	0.05998	0.04651	0.05155
1142.57	0.05651	0.06264	0.04753	0.0532
1142.67	0.05255	0.06541	0.0488	0.05469
1142.77	0.07146	0.06826	0.05041	0.05593
1142.87	0.08118	0.07122	0.05248	0.05682
1142.97	0.07694	0.07439	0.05518	0.05729
1143.07	0.07453	0.07793	0.05873	0.05728
1143.17	0.09247	0.08215	0.06342	0.05681
1143.27	0.09734	0.08743	0.06959	0.05592
1143.37	0.10106	0.09428	0.07769	0.05468
1143.47	0.10774	0.10327	0.08818	0.05318
1143.57	0.11554	0.11504	0.1016	0.05153
1143.67	0.13498	0.1302	0.11844	0.04984
1143.77	0.14844	0.14928	0.13917	0.04819
1143.87	0.15248	0.17264	0.16406	0.04666
1143.97	0.18326	0.20041	0.19321	0.04528
1144.07	0.24437	0.23238	0.22638	0.04408
1144.17	0.25893	0.26794	0.26295	0.04307
1144.27	0.30568	0.30603	0.30188	0.04223
1144.37	0.32306	0.34519	0.34173	0.04154
1144.47	0.39502	0.38359	0.38068	0.04099
1144.57	0.43344	0.41919	0.41673	0.04054
1144.67	0.44799	0.4499	0.44779	0.04018
1144.77	0.47759	0.47374	0.47193	0.0399
1144.87	0.47648	0.48913	0.48754	0.03967
1144.97	0.50533	0.49497	0.49358	0.03948
1145.07	0.50598	0.49084	0.4896	0.03932
1145.17	0.47646	0.47701	0.4759	0.03919
1145.27	0.43558	0.45441	0.45341	0.03908
1145.37	0.43184	0.42453	0.42363	0.03899
1145.47	0.40387	0.38927	0.38844	0.03891
1145.57	0.3714	0.35067	0.34991	0.03884
1145.67	0.31958	0.31079	0.31009	0.03878
1145.77	0.27177	0.27148	0.27084	0.03872
1145.87	0.22934	0.23428	0.23368	0.03868
1145.97	0.17261	0.2003	0.19974	0.03863
1146.07	0.13911	0.17025	0.16973	0.0386
1146.17	0.14775	0.14443	0.14395	0.03856
1146.27	0.12345	0.12283	0.12238	0.03853
1146.37	0.1079	0.10519	0.10476	0.03851
1146.47	0.10473	0.09107	0.09067	0.03848
1146.57	0.0794	0.07999	0.07961	0.03846
1146.67	0.03881	0.07142	0.07106	0.03844
1146.77	0.04198	0.06487	0.06453	0.03842
1146.87	0.03143	0.05988	0.05956	0.0384
1146.97	0.04148	0.05611	0.0558	0.03839
1147.07	0.03825	0.05323	0.05294	0.03837
1147.17	0.03685	0.05103	0.05076	0.03836
1147.27	0.03683	0.04932	0.04906	0.03834
1147.37	0	0.04798	0.04773	0.03833
1147.47	0.01698	0.0469	0.04666	0.03832
1147.57	0.02432	0.04602	0.04579	0.03831
1147.67	0.02365	0.04528	0.04506	0.0383
1147.77	0.02777	0.04466	0.04445	0.03829
1147.87	0.02571	0.04413	0.04393	0.03828
1147.97	0.03052	0.04367	0.04347	0.03828
1148.07	0.02571	0.04327	0.04308	0.03827
1148.17	0.01063	0.04291	0.04273	0.03826
1148.27	0.00633	0.04259	0.04241	0.03825
1148.37	0.00706	0.0423	0.04213	0.03825
1148.47	0.0425	0.04205	0.04188	0.03824
1148.57	0.01872	0.04181	0.04166	0.03824
1148.67	0.01506	0.0416	0.04145	0.03823
1148.77	0.02284	0.04141	0.04126	0.03823
1148.87	0.03564	0.04123	0.04109	0.03822
1148.97	0.01781	0.04107	0.04093	0.03822
1149.07	0.02992	0.04092	0.04079	0.03821
1149.17	0.02147	0.04079	0.04066	0.03821
1149.27	0.03015	0.04066	0.04053	0.03821
1149.37	0.02055	0.04054	0.04042	0.0382
1149.47	0.01758	0.04043	0.04031	0.0382
1149.57	0.01438	0.04033	0.04021	0.03819
1149.67	0.01255	0.04023	0.04012	0.03819
1149.77	0.03815	0.04015	0.04004	0.03819
1149.87	0.03975	0.04006	0.03996	0.03819
1149.97	0.02764	0.03998	0.03988	0.03818

				
				
				
				
				
				
				
				
				
				
				
				
				
				
				
				
				
				
				
				
				
				
				
				
				
				
				
				
				
				
				
				
				
				