X 2θ (Degree)       Y   Intensity (a.u.)  X    2θ (Degree)  LiquidBots Y   Intensity (a.u.)  
Fe nanoparticles LiquidBots Y
20	6435	20	6035
20.04	6471	20.04	6178
20.08	6319	20.08	6134
20.12	6392	20.12	6098
20.16	6405	20.16	5951
20.2	6234	20.2	6077
20.24	6451	20.24	6180
20.28	6395	20.28	6147
20.32	6387	20.32	6111
20.36	6325	20.36	6162
20.4	6369	20.4	6106
20.44	6384	20.44	6184
20.48	6310	20.48	6196
20.52	6360	20.52	6101
20.56	6439	20.56	6154
20.6	6374	20.6	6071
20.64	6316	20.64	6059
20.68	6416	20.68	6164
20.72	6433	20.72	6149
20.76	6214	20.76	6179
20.8	6383	20.8	6201
20.84	6372	20.84	6385
20.88	6325	20.88	6473
20.92	6202	20.92	6448
20.96	6282	20.96	6695
21	6272	21	6914
21.04	6259	21.04	7182
21.08	6247	21.08	7741
21.12	6207	21.12	8323
21.16	6336	21.16	8595
21.2	6328	21.2	8191
21.24	6342	21.24	7753
21.28	6270	21.28	7157
21.32	6133	21.32	6714
21.36	6196	21.36	6620
21.4	6417	21.4	6210
21.44	6387	21.44	6088
21.48	6163	21.48	6143
21.52	6256	21.52	6222
21.56	6375	21.56	6147
21.6	6229	21.6	6070
21.64	6208	21.64	6206
21.68	6193	21.68	6149
21.72	6161	21.72	6086
21.76	6351	21.76	6089
21.8	6213	21.8	6203
21.84	6209	21.84	6252
21.88	6127	21.88	6219
21.92	6274	21.92	6054
21.96	6252	21.96	6062
22	6236	22	6235
22.04	6227	22.04	6176
22.08	6253	22.08	5946
22.12	6283	22.12	6128
22.16	6291	22.16	5983
22.2	6093	22.2	6057
22.24	6114	22.24	6166
22.28	6325	22.28	6096
22.32	6155	22.32	5903
22.36	6339	22.36	5900
22.4	6161	22.4	6009
22.44	6242	22.44	6072
22.48	6219	22.48	6007
22.52	6213	22.52	5987
22.56	6087	22.56	5951
22.6	6182	22.6	5905
22.64	6150	22.64	5933
22.68	6133	22.68	5966
22.72	6173	22.72	6025
22.76	6167	22.76	6098
22.8	6123	22.8	5902
22.84	6197	22.84	6046
22.88	6199	22.88	5986
22.92	6247	22.92	6078
22.96	6341	22.96	6037
23	6063	23	5939
23.04	6244	23.04	5924
23.08	6032	23.08	5907
23.12	6145	23.12	5946
23.16	6122	23.16	5999
23.2	6216	23.2	5928
23.24	6006	23.24	5905
23.28	6183	23.28	5986
23.32	6065	23.32	5927
23.36	6247	23.36	6206
23.4	6267	23.4	6090
23.44	6102	23.44	5996
23.48	6226	23.48	5953
23.52	6166	23.52	5772
23.56	6120	23.56	5950
23.6	6123	23.6	5901
23.64	6210	23.64	6023
23.68	6089	23.68	6049
23.72	6155	23.72	5992
23.76	6219	23.76	5746
23.8	6076	23.8	5924
23.84	6021	23.84	5881
23.88	6109	23.88	5859
23.92	6212	23.92	5958
23.96	6075	23.96	5843
24	6105	24	5945
24.04	6228	24.04	6061
24.08	6108	24.08	5895
24.12	6146	24.12	6012
24.16	6192	24.16	5892
24.2	6208	24.2	6002
24.24	6197	24.24	5986
24.28	6174	24.28	5860
24.32	6102	24.32	5913
24.36	6291	24.36	5863
24.4	6178	24.4	5892
24.44	6194	24.44	5844
24.48	6269	24.48	5883
24.52	6170	24.52	5792
24.56	6084	24.56	5880
24.6	6063	24.6	5780
24.64	6255	24.64	5748
24.68	6010	24.68	5770
24.72	6219	24.72	5823
24.76	6242	24.76	5855
24.8	6085	24.8	5947
24.84	6149	24.84	5706
24.88	6200	24.88	5947
24.92	6276	24.92	5855
24.96	6329	24.96	5811
25	6328	25	5731
25.04	5963	25.04	5746
25.08	6104	25.08	5804
25.12	5969	25.12	5904
25.16	6185	25.16	5713
25.2	6031	25.2	5725
25.24	6088	25.24	5882
25.28	6340	25.28	5742
25.32	6309	25.32	5691
25.36	6140	25.36	5886
25.4	6186	25.4	5822
25.44	6373	25.44	5636
25.48	6188	25.48	5723
25.52	6065	25.52	5717
25.56	6056	25.56	5807
25.6	6207	25.6	5692
25.64	6260	25.64	5718
25.68	6326	25.68	5667
25.72	6216	25.72	5719
25.76	5986	25.76	5632
25.8	6215	25.8	5648
25.84	6286	25.84	5578
25.88	6231	25.88	5541
25.92	6109	25.92	5589
25.96	6150	25.96	5486
26	6333	26	5765
26.04	6131	26.04	5650
26.08	6205	26.08	5639
26.12	6179	26.12	5692
26.16	6282	26.16	5708
26.2	6206	26.2	5593
26.24	6219	26.24	5604
26.28	6153	26.28	5701
26.32	6269	26.32	5830
26.36	6182	26.36	5647
26.4	6203	26.4	5693
26.44	6192	26.44	5682
26.48	6233	26.48	5573
26.52	6360	26.52	5506
26.56	6209	26.56	5769
26.6	6287	26.6	5616
26.64	6246	26.64	5581
26.68	6332	26.68	5510
26.72	6228	26.72	5469
26.76	6172	26.76	5604
26.8	6351	26.8	5608
26.84	6130	26.84	5487
26.88	6357	26.88	5474
26.92	6183	26.92	5599
26.96	6412	26.96	5537
27	6351	27	5542
27.04	6240	27.04	5541
27.08	6110	27.08	5433
27.12	6343	27.12	5521
27.16	6252	27.16	5437
27.2	6379	27.2	5504
27.24	6314	27.24	5714
27.28	6246	27.28	5609
27.32	6266	27.32	5452
27.36	6264	27.36	5450
27.4	6367	27.4	5326
27.44	6250	27.44	5491
27.48	6313	27.48	5527
27.52	6287	27.52	5485
27.56	6144	27.56	5393
27.6	6050	27.6	5453
27.64	6278	27.64	5366
27.68	6287	27.68	5455
27.72	6218	27.72	5471
27.76	6389	27.76	5436
27.8	6322	27.8	5505
27.84	6348	27.84	5476
27.88	6329	27.88	5483
27.92	6403	27.92	5550
27.96	6354	27.96	5480
28	6288	28	5499
28.04	6192	28.04	5534
28.08	6233	28.08	5349
28.12	6128	28.12	5493
28.16	6221	28.16	5480
28.2	6193	28.2	5303
28.24	6173	28.24	5306
28.28	6432	28.28	5318
28.32	6337	28.32	5357
28.36	6350	28.36	5330
28.4	6263	28.4	5374
28.44	6325	28.44	5359
28.48	6244	28.48	5238
28.52	6340	28.52	5345
28.56	6450	28.56	5287
28.6	6445	28.6	5291
28.64	6534	28.64	5252
28.68	6381	28.68	5306
28.72	6280	28.72	5336
28.76	6249	28.76	5244
28.8	6332	28.8	5283
28.84	6365	28.84	5228
28.88	6346	28.88	5302
28.92	6355	28.92	5270
28.96	6366	28.96	5413
29	6281	29	5311
29.04	6340	29.04	5231
29.08	6403	29.08	5312
29.12	6414	29.12	5224
29.16	6326	29.16	5168
29.2	6384	29.2	5322
29.24	6515	29.24	5248
29.28	6403	29.28	5248
29.32	6441	29.32	5013
29.36	6351	29.36	5157
29.4	6317	29.4	5111
29.44	6364	29.44	5114
29.48	6433	29.48	5226
29.52	6362	29.52	5050
29.56	6506	29.56	5130
29.6	6355	29.6	5209
29.64	6410	29.64	5218
29.68	6409	29.68	5164
29.72	6343	29.72	5048
29.76	6330	29.76	5374
29.8	6447	29.8	5388
29.84	6482	29.84	5468
29.88	6433	29.88	5510
29.92	6447	29.92	5463
29.96	6406	29.96	5454
30	6417	30	5506
30.04	6588	30.04	5343
30.08	6462	30.08	5422
30.12	6543	30.12	5245
30.16	6436	30.16	5281
30.2	6513	30.2	4991
30.24	6471	30.24	5084
30.28	6618	30.28	5210
30.32	6467	30.32	5256
30.36	6475	30.36	5244
30.4	6443	30.4	5078
30.44	6363	30.44	4978
30.48	6584	30.48	5000
30.52	6382	30.52	4882
30.56	6402	30.56	5019
30.6	6631	30.6	4876
30.64	6527	30.64	4870
30.68	6565	30.68	4758
30.72	6547	30.72	4899
30.76	6624	30.76	4789
30.8	6497	30.8	4976
30.84	6543	30.84	4846
30.88	6587	30.88	4802
30.92	6493	30.92	4983
30.96	6540	30.96	4974
31	6514	31	4955
31.04	6694	31.04	4955
31.08	6589	31.08	5120
31.12	6657	31.12	5315
31.16	6622	31.16	5472
31.2	6447	31.2	5627
31.24	6600	31.24	5399
31.28	6590	31.28	5455
31.32	6588	31.32	5199
31.36	6701	31.36	5062
31.4	6793	31.4	5044
31.44	6758	31.44	4860
31.48	6695	31.48	4935
31.52	6715	31.52	4919
31.56	6514	31.56	4937
31.6	6649	31.6	4885
31.64	6586	31.64	4765
31.68	6672	31.68	4817
31.72	6742	31.72	4833
31.76	6544	31.76	4656
31.8	6529	31.8	4652
31.84	6679	31.84	4658
31.88	6549	31.88	4689
31.92	6776	31.92	4788
31.96	6785	31.96	4820
32	6614	32	4755
32.04	6777	32.04	4753
32.08	6664	32.08	4706
32.12	6561	32.12	4641
32.16	6713	32.16	4763
32.2	6708	32.2	4691
32.24	6789	32.24	4776
32.28	6615	32.28	4708
32.32	6772	32.32	4684
32.36	6688	32.36	4723
32.4	6705	32.4	4770
32.44	6756	32.44	4708
32.48	6819	32.48	4880
32.52	6661	32.52	4876
32.56	6782	32.56	4893
32.6	6782	32.6	4976
32.64	6685	32.64	5178
32.68	6796	32.68	5260
32.72	6756	32.72	5894
32.76	6738	32.76	6364
32.8	6744	32.8	6013
32.84	6747	32.84	5822
32.88	6843	32.88	5249
32.92	6705	32.92	5026
32.96	6869	32.96	4921
33	6966	33	4963
33.04	6709	33.04	4773
33.08	6811	33.08	4727
33.12	6822	33.12	4838
33.16	6746	33.16	4952
33.2	6770	33.2	5032
33.24	6887	33.24	5245
33.28	6847	33.28	5508
33.32	6884	33.32	5432
33.36	6819	33.36	5634
33.4	6765	33.4	5484
33.44	6804	33.44	5484
33.48	6813	33.48	5111
33.52	6886	33.52	5105
33.56	6840	33.56	5025
33.6	6936	33.6	4730
33.64	6723	33.64	4602
33.68	6849	33.68	4563
33.72	6708	33.72	4621
33.76	6843	33.76	4479
33.8	6934	33.8	4582
33.84	6998	33.84	4593
33.88	7036	33.88	4661
33.92	6767	33.92	4622
33.96	6865	33.96	4686
34	6778	34	4951
34.04	6916	34.04	4979
34.08	6917	34.08	4990
34.12	6872	34.12	4832
34.16	6875	34.16	4889
34.2	6816	34.2	4522
34.24	7087	34.24	4568
34.28	6881	34.28	4408
34.32	6802	34.32	4309
34.36	7028	34.36	4418
34.4	6963	34.4	4426
34.44	7094	34.44	4461
34.48	6986	34.48	4353
34.52	7091	34.52	4334
34.56	6923	34.56	4217
34.6	7113	34.6	4425
34.64	7055	34.64	4248
34.68	7003	34.68	4316
34.72	6901	34.72	4247
34.76	7032	34.76	4266
34.8	6880	34.8	4300
34.84	7072	34.84	4417
34.88	6913	34.88	4222
34.92	7001	34.92	4379
34.96	7005	34.96	4430
35	7079	35	4475
35.04	7061	35.04	4644
35.08	7046	35.08	4734
35.12	7134	35.12	4720
35.16	7136	35.16	4611
35.2	7073	35.2	4550
35.24	7092	35.24	4361
35.28	7146	35.28	4232
35.32	7088	35.32	4141
35.36	7057	35.36	4065
35.4	7104	35.4	4018
35.44	7190	35.44	4037
35.48	7202	35.48	4100
35.52	7051	35.52	4131
35.56	7001	35.56	3983
35.6	7143	35.6	4037
35.64	7179	35.64	4107
35.68	7031	35.68	4020
35.72	7235	35.72	3990
35.76	7196	35.76	4121
35.8	7043	35.8	4082
35.84	7112	35.84	4020
35.88	7157	35.88	3948
35.92	7182	35.92	3931
35.96	7016	35.96	3923
36	7215	36	3945
36.04	7189	36.04	4198
36.08	7149	36.08	4124
36.12	7128	36.12	4078
36.16	6994	36.16	4038
36.2	6995	36.2	4139
36.24	7137	36.24	3996
36.28	7230	36.28	4007
36.32	7275	36.32	4261
36.36	7049	36.36	4220
36.4	7208	36.4	4241
36.44	7226	36.44	4222
36.48	7226	36.48	4043
36.52	7098	36.52	3904
36.56	7245	36.56	3922
36.6	7373	36.6	3784
36.64	7213	36.64	3759
36.68	7290	36.68	3858
36.72	7275	36.72	3824
36.76	7280	36.76	3991
36.8	7115	36.8	4116
36.84	7383	36.84	4433
36.88	7268	36.88	4751
36.92	7312	36.92	5117
36.96	7381	36.96	5635
37	7104	37	5446
37.04	7154	37.04	5431
37.08	7242	37.08	5030
37.12	7346	37.12	4610
37.16	7190	37.16	4149
37.2	7136	37.2	3959
37.24	7299	37.24	3790
37.28	7374	37.28	3712
37.32	7302	37.32	3705
37.36	7274	37.36	3637
37.4	7285	37.4	3580
37.44	7309	37.44	3489
37.48	7394	37.48	3494
37.52	7448	37.52	3371
37.56	7416	37.56	3483
37.6	7392	37.6	3485
37.64	7279	37.64	3396
37.68	7413	37.68	3298
37.72	7423	37.72	3410
37.76	7275	37.76	3353
37.8	7405	37.8	3433
37.84	7421	37.84	3430
37.88	7419	37.88	3384
37.92	7448	37.92	3383
37.96	7307	37.96	3484
38	7387	38	3320
38.04	7337	38.04	3369
38.08	7342	38.08	3242
38.12	7341	38.12	3277
38.16	7364	38.16	3411
38.2	7431	38.2	3365
38.24	7242	38.24	3266
38.28	7485	38.28	3148
38.32	7473	38.32	3311
38.36	7542	38.36	3296
38.4	7444	38.4	3402
38.44	7530	38.44	3275
38.48	7574	38.48	3368
38.52	7404	38.52	3357
38.56	7474	38.56	3282
38.6	7643	38.6	3433
38.64	7545	38.64	3244
38.68	7447	38.68	3168
38.72	7358	38.72	3186
38.76	7576	38.76	3229
38.8	7537	38.8	3177
38.84	7566	38.84	3250
38.88	7540	38.88	3360
38.92	7422	38.92	3361
38.96	7528	38.96	3482
39	7520	39	3748
39.04	7548	39.04	3457
39.08	7776	39.08	3552
39.12	7689	39.12	3423
39.16	7500	39.16	3380
39.2	7536	39.2	3321
39.24	7486	39.24	3263
39.28	7516	39.28	3251
39.32	7611	39.32	3125
39.36	7518	39.36	3146
39.4	7558	39.4	3131
39.44	7617	39.44	3128
39.48	7631	39.48	3103
39.52	7617	39.52	3177
39.56	7498	39.56	3132
39.6	7539	39.6	3151
39.64	7538	39.64	2997
39.68	7660	39.68	3033
39.72	7565	39.72	3026
39.76	7584	39.76	3077
39.8	7752	39.8	2934
39.84	7645	39.84	3046
39.88	7690	39.88	3065
39.92	7562	39.92	2969
39.96	7610	39.96	3144
40	7421	40	3026
40.04	7558	40.04	3204
40.08	7671	40.08	3118
40.12	7655	40.12	3112
40.16	7913	40.16	3097
40.2	7908	40.2	3141
40.24	7877	40.24	3171
40.28	8043	40.28	3158
40.32	7758	40.32	3262
40.36	7901	40.36	3402
40.4	7663	40.4	3276
40.44	7678	40.44	3196
40.48	7730	40.48	3132
40.52	7829	40.52	3088
40.56	7707	40.56	3106
40.6	7764	40.6	2955
40.64	7714	40.64	3065
40.68	7705	40.68	3012
40.72	7599	40.72	3015
40.76	7896	40.76	2843
40.8	7723	40.8	2995
40.84	7747	40.84	2986
40.88	7809	40.88	3018
40.92	7841	40.92	2945
40.96	7722	40.96	2957
41	7899	41	3006
41.04	7788	41.04	3033
41.08	7783	41.08	3019
41.12	7903	41.12	3092
41.16	7973	41.16	3250
41.2	8015	41.2	3243
41.24	7819	41.24	3223
41.28	7831	41.28	3065
41.32	7932	41.32	3244
41.36	7848	41.36	3222
41.4	8144	41.4	3298
41.44	8055	41.44	3379
41.48	7963	41.48	3683
41.52	8064	41.52	3619
41.56	7937	41.56	3534
41.6	7867	41.6	3402
41.64	7909	41.64	3186
41.68	7951	41.68	3044
41.72	7893	41.72	2998
41.76	8023	41.76	2982
41.8	7884	41.8	2959
41.84	7880	41.84	2804
41.88	7948	41.88	2865
41.92	8025	41.92	2951
41.96	7895	41.96	2897
42	8064	42	2952
42.04	7898	42.04	2830
42.08	8007	42.08	2835
42.12	7892	42.12	2850
42.16	7989	42.16	2884
42.2	8199	42.2	2881
42.24	8125	42.24	2885
42.28	8051	42.28	2860
42.32	8104	42.32	2787
42.36	8047	42.36	2874
42.4	8036	42.4	2777
42.44	8058	42.44	2865
42.48	8006	42.48	2839
42.52	8144	42.52	2904
42.56	8157	42.56	2902
42.6	8177	42.6	2942
42.64	8242	42.64	2921
42.68	7975	42.68	2816
42.72	8109	42.72	2863
42.76	8214	42.76	2918
42.8	8086	42.8	2791
42.84	8096	42.84	2776
42.88	8193	42.88	2905
42.92	8319	42.92	2857
42.96	8257	42.96	2947
43	8127	43	2913
43.04	8209	43.04	2829
43.08	8263	43.08	2802
43.12	8251	43.12	2826
43.16	8486	43.16	2895
43.2	8254	43.2	2868
43.24	8316	43.24	2765
43.28	8496	43.28	2776
43.32	8323	43.32	2880
43.36	8279	43.36	2748
43.4	8381	43.4	2849
43.44	8404	43.44	2884
43.48	8409	43.48	2773
43.52	8426	43.52	2809
43.56	8446	43.56	2875
43.6	8524	43.6	2918
43.64	8481	43.64	3099
43.68	8332	43.68	3120
43.72	8366	43.72	3026
43.76	8495	43.76	2953
43.8	8581	43.8	3024
43.84	8548	43.84	3064
43.88	8532	43.88	2948
43.92	8524	43.92	2952
43.96	8540	43.96	3103
44	8498	44	3202
44.04	8608	44.04	3211
44.08	8548	44.08	3136
44.12	8669	44.12	3142
44.16	8660	44.16	3028
44.2	8709	44.2	2869
44.24	8752	44.24	2926
44.28	8751	44.28	2827
44.32	8979	44.32	2872
44.36	8953	44.36	2936
44.4	9108	44.4	3048
44.44	9383	44.44	3349
44.48	9740	44.48	3643
44.52	10420	44.52	3988
44.56	11985	44.56	4283
44.6	13471	44.6	3721
44.64	16018	44.64	3406
44.68	21589	44.68	3573
44.72	29705	44.72	3322
44.76	36170	44.76	3078
44.8	37188	44.8	3170
44.84	32654	44.84	3291
44.88	27687	44.88	3344
44.92	23270	44.92	3263
44.96	17085	44.96	3170
45	13243	45	3326
45.04	11053	45.04	3174
45.08	10177	45.08	3220
45.12	9541	45.12	3087
45.16	9199	45.16	2969
45.2	9135	45.2	2889
45.24	9045	45.24	2927
45.28	8848	45.28	2810
45.32	8860	45.32	2791
45.36	8860	45.36	2770
45.4	8780	45.4	2737
45.44	8951	45.44	2724
45.48	8871	45.48	2682
45.52	8650	45.52	2755
45.56	8640	45.56	2710
45.6	8705	45.6	2743
45.64	8680	45.64	2690
45.68	8703	45.68	2600
45.72	8714	45.72	2593
45.76	8595	45.76	2583
45.8	8633	45.8	2509
45.84	8594	45.84	2496
45.88	8737	45.88	2577
45.92	8722	45.92	2588
45.96	8878	45.96	2490
46	8681	46	2505
46.04	8587	46.04	2608
46.08	8816	46.08	2529
46.12	8741	46.12	2580
46.16	8766	46.16	2515
46.2	8648	46.2	2522
46.24	8673	46.24	2458
46.28	8732	46.28	2423
46.32	8840	46.32	2478
46.36	8644	46.36	2461
46.4	8726	46.4	2545
46.44	8785	46.44	2439
46.48	8854	46.48	2490
46.52	8853	46.52	2455
46.56	8695	46.56	2448
46.6	8651	46.6	2456
46.64	8650	46.64	2386
46.68	8760	46.68	2451
46.72	8891	46.72	2544
46.76	8649	46.76	2467
46.8	8709	46.8	2448
46.84	8816	46.84	2494
46.88	8645	46.88	2520
46.92	8744	46.92	2485
46.96	8760	46.96	2417
47	8864	47	2506
47.04	8703	47.04	2458
47.08	8816	47.08	2506
47.12	8927	47.12	2461
47.16	8879	47.16	2517
47.2	8919	47.2	2549
47.24	8853	47.24	2500
47.28	8849	47.28	2444
47.32	8848	47.32	2399
47.36	8978	47.36	2444
47.4	8730	47.4	2516
47.44	8812	47.44	2448
47.48	8955	47.48	2376
47.52	8707	47.52	2358
47.56	9003	47.56	2401
47.6	8851	47.6	2433
47.64	8810	47.64	2338
47.68	8726	47.68	2308
47.72	8924	47.72	2378
47.76	8638	47.76	2484
47.8	8902	47.8	2438
47.84	8985	47.84	2500
47.88	8983	47.88	2452
47.92	8810	47.92	2363
47.96	8984	47.96	2496
48	8967	48	2360
48.04	8967	48.04	2463
48.08	8838	48.08	2458
48.12	9013	48.12	2392
48.16	8919	48.16	2450
48.2	9070	48.2	2350
48.24	8948	48.24	2300
48.28	8994	48.28	2389
48.32	9003	48.32	2390
48.36	9030	48.36	2407
48.4	9092	48.4	2280
48.44	8898	48.44	2306
48.48	8898	48.48	2333
48.52	8890	48.52	2347
48.56	9143	48.56	2414
48.6	9143	48.6	2391
48.64	8967	48.64	2374
48.68	9167	48.68	2527
48.72	9221	48.72	2470
48.76	9052	48.76	2490
48.8	9051	48.8	2463
48.84	9021	48.84	2440
48.88	9046	48.88	2428
48.92	9248	48.92	2509
48.96	9167	48.96	2314
49	9102	49	2362
49.04	9019	49.04	2299
49.08	9168	49.08	2301
49.12	9076	49.12	2338
49.16	9353	49.16	2293
49.2	9326	49.2	2281
49.24	9153	49.24	2218
49.28	9195	49.28	2326
49.32	9084	49.32	2273
49.36	9121	49.36	2229
49.4	9156	49.4	2255
49.44	9198	49.44	2288
49.48	9200	49.48	2249
49.52	9109	49.52	2213
49.56	9060	49.56	2316
49.6	9255	49.6	2290
49.64	9146	49.64	2220
49.68	9259	49.68	2226
49.72	9169	49.72	2322
49.76	9215	49.76	2235
49.8	9104	49.8	2354
49.84	9158	49.84	2257
49.88	9147	49.88	2302
49.92	9318	49.92	2302
49.96	9254	49.96	2379
50	9152	50	2389
50.04	9148	50.04	2355
50.08	9202	50.08	2363
50.12	9306	50.12	2350
50.16	9297	50.16	2323
50.2	9224	50.2	2305
50.24	9201	50.24	2324
50.28	9261	50.28	2346
50.32	9077	50.32	2300
50.36	9230	50.36	2335
50.4	9303	50.4	2323
50.44	9212	50.44	2379
50.48	9237	50.48	2308
50.52	9319	50.52	2316
50.56	9229	50.56	2311
50.6	9325	50.6	2309
50.64	9418	50.64	2183
50.68	9408	50.68	2263
50.72	9290	50.72	2364
50.76	9204	50.76	2236
50.8	9335	50.8	2281
50.84	9411	50.84	2261
50.88	9353	50.88	2358
50.92	9468	50.92	2318
50.96	9435	50.96	2400
51	9605	51	2350
51.04	9598	51.04	2392
51.08	9346	51.08	2383
51.12	9505	51.12	2295
51.16	9324	51.16	2243
51.2	9473	51.2	2190
51.24	9448	51.24	2192
51.28	9682	51.28	2261
51.32	9510	51.32	2234
51.36	9578	51.36	2223
51.4	9669	51.4	2080
51.44	9478	51.44	2107
51.48	9628	51.48	2081
51.52	9534	51.52	2146
51.56	9468	51.56	2155
51.6	9467	51.6	2158
51.64	9595	51.64	2159
51.68	9600	51.68	2156
51.72	9529	51.72	2120
51.76	9706	51.76	2125
51.8	9620	51.8	2140
51.84	9950	51.84	2103
51.88	9532	51.88	2166
51.92	9750	51.92	2172
51.96	9659	51.96	2069
52	9645	52	2159
52.04	9615	52.04	2228
52.08	9593	52.08	2226
52.12	9628	52.12	2175
52.16	9720	52.16	2206
52.2	9698	52.2	2223
52.24	9736	52.24	2111
52.28	9769	52.28	2070
52.32	9742	52.32	2086
52.36	9710	52.36	2168
52.4	9618	52.4	2161
52.44	9697	52.44	2137
52.48	9680	52.48	2130
52.52	9885	52.52	2039
52.56	9835	52.56	2091
52.6	9892	52.6	2100
52.64	9508	52.64	2142
52.68	9698	52.68	2202
52.72	9755	52.72	2114
52.76	9677	52.76	2101
52.8	9737	52.8	2154
52.84	9806	52.84	2091
52.88	9709	52.88	2242
52.92	9826	52.92	2123
52.96	9860	52.96	2030
53	9805	53	2090
53.04	9755	53.04	2187
53.08	9866	53.08	2051
53.12	9863	53.12	2086
53.16	9886	53.16	2091
53.2	9845	53.2	2114
53.24	9926	53.24	2197
53.28	9821	53.28	2214
53.32	9794	53.32	2182
53.36	9841	53.36	2211
53.4	9705	53.4	2262
53.44	9910	53.44	2464
53.48	9830	53.48	2481
53.52	9765	53.52	2603
53.56	10004	53.56	2836
53.6	9873	53.6	3019
53.64	9758	53.64	3020
53.68	9958	53.68	2877
53.72	10087	53.72	2864
53.76	9926	53.76	2807
53.8	9887	53.8	2547
53.84	9967	53.84	2558
53.88	9919	53.88	2325
53.92	9891	53.92	2317
53.96	9954	53.96	2284
54	9867	54	2203
54.04	10152	54.04	2243
54.08	9841	54.08	2265
54.12	10090	54.12	2195
54.16	9945	54.16	2200
54.2	9944	54.2	2292
54.24	9863	54.24	2339
54.28	9874	54.28	2487
54.32	9970	54.32	2570
54.36	9981	54.36	2401
54.4	10036	54.4	2414
54.44	10094	54.44	2427
54.48	10041	54.48	2349
54.52	10095	54.52	2321
54.56	9858	54.56	2318
54.6	9926	54.6	2193
54.64	9994	54.64	2354
54.68	10119	54.68	2296
54.72	9848	54.72	2214
54.76	10049	54.76	2237
54.8	10093	54.8	2267
54.84	9869	54.84	2192
54.88	9991	54.88	2186
54.92	10238	54.92	2181
54.96	10022	54.96	2069
55	9983	55	2138
55.04	10023	55.04	2131
55.08	10008	55.08	2007
55.12	10045	55.12	2062
55.16	10100	55.16	2109
55.2	10010	55.2	2099
55.24	10157	55.24	2115
55.28	10096	55.28	2180
55.32	10369	55.32	2123
55.36	10188	55.36	2093
55.4	10003	55.4	2119
55.44	10062	55.44	2191
55.48	10055	55.48	2123
55.52	10169	55.52	2192
55.56	10096	55.56	2212
55.6	10397	55.6	2232
55.64	10147	55.64	2198
55.68	10180	55.68	2318
55.72	10042	55.72	2157
55.76	10140	55.76	2157
55.8	10089	55.8	2343
55.84	10006	55.84	2223
55.88	10230	55.88	2203
55.92	10164	55.92	2286
55.96	10182	55.96	2213
56	10502	56	2190
56.04	10176	56.04	2187
56.08	10194	56.08	2244
56.12	10258	56.12	2218
56.16	10287	56.16	2130
56.2	10196	56.2	2142
56.24	10254	56.24	2131
56.28	10175	56.28	2131
56.32	10283	56.32	2121
56.36	10315	56.36	2154
56.4	10381	56.4	2286
56.44	10220	56.44	2140
56.48	10212	56.48	2190
56.52	10313	56.52	2274
56.56	10142	56.56	2187
56.6	10343	56.6	2184
56.64	10160	56.64	2168
56.68	10110	56.68	2119
56.72	10345	56.72	2126
56.76	10480	56.76	2052
56.8	10364	56.8	2064
56.84	10257	56.84	2118
56.88	10375	56.88	2030
56.92	10362	56.92	2134
56.96	10343	56.96	2119
57	10329	57	2109
57.04	10278	57.04	2114
57.08	10319	57.08	2143
57.12	10528	57.12	2145
57.16	10450	57.16	2147
57.2	10615	57.2	2184
57.24	10301	57.24	2126
57.28	10479	57.28	2171
57.32	10485	57.32	2083
57.36	10330	57.36	2148
57.4	10120	57.4	2110
57.44	10388	57.44	2020
57.48	10215	57.48	2085
57.52	10407	57.52	2200
57.56	10521	57.56	2085
57.6	10539	57.6	2125
57.64	10278	57.64	2110
57.68	10300	57.68	2090
57.72	10519	57.72	2209
57.76	10347	57.76	2238
57.8	10520	57.8	2196
57.84	10606	57.84	2172
57.88	10423	57.88	2287
57.92	10380	57.92	2190
57.96	10345	57.96	2250
58	10480	58	2138
58.04	10285	58.04	2151
58.08	10382	58.08	2141
58.12	10472	58.12	2114
58.16	10547	58.16	2128
58.2	10471	58.2	2106
58.24	10620	58.24	2162
58.28	10386	58.28	2100
58.32	10537	58.32	2067
58.36	10723	58.36	2143
58.4	10571	58.4	2100
58.44	10616	58.44	2117
58.48	10828	58.48	2115
58.52	10611	58.52	2115
58.56	10582	58.56	2065
58.6	10771	58.6	2045
58.64	10682	58.64	2134
58.68	10858	58.68	2070
58.72	10561	58.72	2041
58.76	10686	58.76	2145
58.8	10662	58.8	2072
58.84	10704	58.84	2093
58.88	10654	58.88	2050
58.92	10639	58.92	2056
58.96	10725	58.96	2076
59	10764	59	2115
59.04	10787	59.04	2142
59.08	10632	59.08	2094
59.12	10460	59.12	2118
59.16	10563	59.16	2196
59.2	10730	59.2	2193
59.24	10661	59.24	2173
59.28	10655	59.28	2150
59.32	10611	59.32	2182
59.36	10486	59.36	2147
59.4	10596	59.4	2217
59.44	10872	59.44	2218
59.48	10645	59.48	2127
59.52	10798	59.52	2315
59.56	10861	59.56	2287
59.6	10799	59.6	2456
59.64	10863	59.64	2478
59.68	10600	59.68	2582
59.72	10823	59.72	2674
59.76	10635	59.76	2728
59.8	10740	59.8	2624
59.84	10840	59.84	2627
59.88	10605	59.88	2590
59.92	10741	59.92	2447
59.96	10850	59.96	2239
60	10834	60	2235
60.04	10618	60.04	2154
60.08	10731	60.08	2198
60.12	10756	60.12	2189
60.16	10880	60.16	2176
60.2	11004	60.2	2133
60.24	10965	60.24	2181
60.28	10823	60.28	2086
60.32	10735	60.32	2139
60.36	10557	60.36	2027
60.4	10905	60.4	2137
60.44	10835	60.44	2158
60.48	10750	60.48	2198
60.52	10657	60.52	2114
60.56	10787	60.56	2079
60.6	10851	60.6	2104
60.64	10720	60.64	2108
60.68	10886	60.68	2086
60.72	10809	60.72	2125
60.76	10758	60.76	2158
60.8	10932	60.8	2076
60.84	10921	60.84	2110
60.88	10947	60.88	2150
60.92	10962	60.92	2085
60.96	10810	60.96	2103
61	10951	61	2164
61.04	10809	61.04	2127
61.08	10801	61.08	2103
61.12	11024	61.12	2181
61.16	11089	61.16	2074
61.2	11000	61.2	2136
61.24	10720	61.24	2183
61.28	11032	61.28	2171
61.32	10753	61.32	2127
61.36	10959	61.36	2200
61.4	10872	61.4	2086
61.44	10862	61.44	2111
61.48	10994	61.48	2029
61.52	10890	61.52	2065
61.56	10864	61.56	2200
61.6	10996	61.6	2128
61.64	11000	61.64	2168
61.68	11014	61.68	2113
61.72	11041	61.72	1992
61.76	11059	61.76	2034
61.8	10888	61.8	2139
61.84	11072	61.84	2182
61.88	11187	61.88	2097
61.92	11037	61.92	2149
61.96	11028	61.96	2126
62	10941	62	2223
62.04	11121	62.04	2220
62.08	11180	62.08	2256
62.12	11180	62.12	2203
62.16	10874	62.16	2262
62.2	11122	62.2	2330
62.24	11212	62.24	2280
62.28	11070	62.28	2304
62.32	11091	62.32	2363
62.36	11181	62.36	2364
62.4	11149	62.4	2340
62.44	11166	62.44	2262
62.48	11052	62.48	2254
62.52	11140	62.52	2289
62.56	11212	62.56	2174
62.6	11133	62.6	2131
62.64	11258	62.64	2185
62.68	11250	62.68	2234
62.72	11222	62.72	2171
62.76	11127	62.76	2166
62.8	11147	62.8	2149
62.84	11259	62.84	2084
62.88	11266	62.88	2134
62.92	11198	62.92	2126
62.96	11177	62.96	2074
63	11297	63	2185
63.04	11255	63.04	2364
63.08	11250	63.08	2273
63.12	11011	63.12	2096
63.16	11118	63.16	2090
63.2	11226	63.2	2196
63.24	11171	63.24	2181
63.28	11256	63.28	2143
63.32	11106	63.32	2074
63.36	11231	63.36	2145
63.4	11243	63.4	2129
63.44	11331	63.44	2144
63.48	11387	63.48	2235
63.52	11268	63.52	2192
63.56	11345	63.56	2256
63.6	11256	63.6	2140
63.64	11161	63.64	2162
63.68	11304	63.68	2134
63.72	11219	63.72	2158
63.76	11163	63.76	2089
63.8	11170	63.8	2191
63.84	11126	63.84	2098
63.88	11197	63.88	2090
63.92	11431	63.92	2076
63.96	11377	63.96	2197
64	11483	64	2047
64.04	11462	64.04	2130
64.08	11421	64.08	2093
64.12	11378	64.12	2132
64.16	11267	64.16	2140
64.2	11485	64.2	2044
64.24	11256	64.24	2085
64.28	11254	64.28	2051
64.32	11238	64.32	2112
64.36	11250	64.36	2131
64.4	11449	64.4	2096
64.44	11580	64.44	2075
64.48	11483	64.48	2170
64.52	11413	64.52	2215
64.56	11559	64.56	2129
64.6	11405	64.6	2168
64.64	11453	64.64	2192
64.68	11623	64.68	2208
64.72	11679	64.72	2214
64.76	11777	64.76	2274
64.8	11543	64.8	2419
64.84	11604	64.84	2354
64.88	11975	64.88	2500
64.92	12196	64.92	2473
64.96	12799	64.96	2455
65	13254	65	2320
65.04	14473	65.04	2266
65.08	16010	65.08	2286
65.12	16777	65.12	2277
65.16	15864	65.16	2130
65.2	14639	65.2	2161
65.24	14341	65.24	2089
65.28	14423	65.28	2161
65.32	14082	65.32	2098
65.36	13158	65.36	2108
65.4	12531	65.4	2134
65.44	12308	65.44	2171
65.48	11914	65.48	2077
65.52	11639	65.52	2156
65.56	11451	65.56	2188
65.6	11528	65.6	2055
65.64	11566	65.64	2059
65.68	11679	65.68	2123
65.72	11495	65.72	2133
65.76	11567	65.76	2093
65.8	11443	65.8	2140
65.84	11433	65.84	2010
65.88	11488	65.88	2024
65.92	11495	65.92	2099
65.96	11541	65.96	2134
66	11559	66	2116
66.04	11635	66.04	2022
66.08	11553	66.08	2018
66.12	11586	66.12	2048
66.16	11493	66.16	1994
66.2	11418	66.2	2072
66.24	11751	66.24	2010
66.28	11576	66.28	2028
66.32	11396	66.32	2003
66.36	11635	66.36	2042
66.4	11531	66.4	2051
66.44	11723	66.44	2084
66.48	11728	66.48	2013
66.52	11570	66.52	1998
66.56	11637	66.56	2110
66.6	11403	66.6	2119
66.64	11536	66.64	2157
66.68	11544	66.68	2124
66.72	11338	66.72	2093
66.76	11674	66.76	2179
66.8	11577	66.8	2270
66.84	11449	66.84	2201
66.88	11364	66.88	2280
66.92	11432	66.92	2135
66.96	11513	66.96	2271
67	11772	67	2181
67.04	11661	67.04	2102
67.08	11635	67.08	2081
67.12	11832	67.12	2140
67.16	11606	67.16	2103
67.2	11465	67.2	2025
67.24	11495	67.24	1983
67.28	11415	67.28	1952
67.32	11668	67.32	2024
67.36	11500	67.36	2072
67.4	11850	67.4	2121
67.44	11673	67.44	1971
67.48	11713	67.48	2098
67.52	11707	67.52	1999
67.56	11633	67.56	2082
67.6	11886	67.6	2031
67.64	11739	67.64	2092
67.68	11750	67.68	2002
67.72	11700	67.72	2042
67.76	11637	67.76	2031
67.8	11831	67.8	1981
67.84	11731	67.84	1984
67.88	11760	67.88	2089
67.92	11621	67.92	2055
67.96	11608	67.96	2033
68	11673	68	1964
68.04	11618	68.04	1979
68.08	11960	68.08	1967
68.12	11647	68.12	1980
68.16	11690	68.16	1952
68.2	11688	68.2	2041
68.24	11780	68.24	1948
68.28	11700	68.28	1975
68.32	11710	68.32	1987
68.36	11716	68.36	1920
68.4	11775	68.4	2001
68.44	11901	68.44	2034
68.48	11601	68.48	1972
68.52	11674	68.52	2031
68.56	11800	68.56	2023
68.6	11795	68.6	2030
68.64	11797	68.64	2006
68.68	11851	68.68	1964
68.72	11933	68.72	2070
68.76	11933	68.76	2045
68.8	11880	68.8	2028
68.84	11715	68.84	2022
68.88	11873	68.88	2071
68.92	12058	68.92	2100
68.96	11856	68.96	2135
69	11841	69	2103
69.04	11837	69.04	2120
69.08	11636	69.08	2072
69.12	11717	69.12	2040
69.16	11786	69.16	2094
69.2	11796	69.2	2025
69.24	11759	69.24	2074
69.28	11881	69.28	2127
69.32	11954	69.32	1990
69.36	11691	69.36	2004
69.4	11762	69.4	1973
69.44	11815	69.44	1909
69.48	11711	69.48	2063
69.52	11860	69.52	2029
69.56	11666	69.56	1921
69.6	11857	69.6	1994
69.64	11888	69.64	1943
69.68	11913	69.68	2052
69.72	12136	69.72	2040
69.76	11793	69.76	2049
69.8	12003	69.8	2021
69.84	11723	69.84	2058
69.88	11812	69.88	2036
69.92	11907	69.92	2064
69.96	11930	69.96	2098
70	11949	70	2065
70.04	11917	70.04	2030
70.08	11938	70.08	2086
70.12	11867	70.12	2020
70.16	11895	70.16	2001
70.2	11930	70.2	2015
70.24	11859	70.24	2005
70.28	11944	70.28	1949
70.32	11838	70.32	1949
70.36	11943	70.36	1973
70.4	11931	70.4	1960
70.44	11998	70.44	1992
70.48	11965	70.48	1976
70.52	11901	70.52	2045
70.56	11852	70.56	2003
70.6	11881	70.6	1846
70.64	11775	70.64	1953
70.68	11771	70.68	1916
70.72	11838	70.72	1995
70.76	11861	70.76	1893
70.8	11872	70.8	1938
70.84	12092	70.84	1941
70.88	12026	70.88	1946
70.92	12025	70.92	1846
70.96	11914	70.96	1915
71	11996	71	1974
71.04	11989	71.04	1902
71.08	11970	71.08	1880
71.12	12104	71.12	1860
71.16	12156	71.16	1819
71.2	11866	71.2	1867
71.24	12020	71.24	1908
71.28	12035	71.28	1915
71.32	12079	71.32	1847
71.36	12098	71.36	1852
71.4	12002	71.4	1855
71.44	12089	71.44	1865
71.48	12018	71.48	1832
71.52	12086	71.52	1854
71.56	11840	71.56	1861
71.6	12069	71.6	1923
71.64	12152	71.64	1848
71.68	11869	71.68	1851
71.72	12026	71.72	1819
71.76	11914	71.76	1854
71.8	12158	71.8	1883
71.84	12119	71.84	1987
71.88	12040	71.88	1844
71.92	12183	71.92	1845
71.96	11943	71.96	1808
72	12095	72	1925
72.04	11977	72.04	1872
72.08	12182	72.08	1870
72.12	12117	72.12	1982
72.16	12025	72.16	1884
72.2	12018	72.2	1807
72.24	12065	72.24	1911
72.28	12107	72.28	1896
72.32	11993	72.32	1982
72.36	12045	72.36	1964
72.4	12115	72.4	1929
72.44	12138	72.44	2003
72.48	12164	72.48	1959
72.52	11958	72.52	1948
72.56	12083	72.56	1901
72.6	11982	72.6	1965
72.64	12154	72.64	1946
72.68	12037	72.68	2034
72.72	12140	72.72	2067
72.76	12033	72.76	2092
72.8	11918	72.8	1991
72.84	12169	72.84	1960
72.88	12183	72.88	1927
72.92	12258	72.92	2018
72.96	12068	72.96	1948
73	12242	73	1977
73.04	12303	73.04	1829
73.08	12216	73.08	1877
73.12	12458	73.12	1836
73.16	12265	73.16	1923
73.2	12043	73.2	1814
73.24	12199	73.24	1874
73.28	12343	73.28	1801
73.32	12217	73.32	1917
73.36	12123	73.36	1767
73.4	12298	73.4	1826
73.44	11990	73.44	1786
73.48	12099	73.48	1775
73.52	12390	73.52	1883
73.56	12132	73.56	1863
73.6	12376	73.6	1882
73.64	12274	73.64	1855
73.68	12174	73.68	1813
73.72	12072	73.72	1757
73.76	12050	73.76	1770
73.8	12187	73.8	1850
73.84	12297	73.84	1869
73.88	12137	73.88	1849
73.92	12286	73.92	1911
73.96	12090	73.96	1823
74	12140	74	1782
74.04	12205	74.04	1771
74.08	12423	74.08	1863
74.12	12233	74.12	1801
74.16	12248	74.16	1840
74.2	12374	74.2	1761
74.24	12190	74.24	1858
74.28	12036	74.28	1852
74.32	12011	74.32	1760
74.36	12277	74.36	1840
74.4	12334	74.4	1875
74.44	12339	74.44	1913
74.48	12108	74.48	1938
74.52	12572	74.52	1946
74.56	12340	74.56	1834
74.6	12381	74.6	1861
74.64	12228	74.64	1795
74.68	12329	74.68	1812
74.72	12256	74.72	1825
74.76	12485	74.76	1799
74.8	12212	74.8	1807
74.84	12214	74.84	1748
74.88	12227	74.88	1796
74.92	12299	74.92	1736
74.96	12433	74.96	1772
75	12135	75	1850
75.04	12363	75.04	1850
75.08	12272	75.08	1726
75.12	12249	75.12	1759
75.16	12362	75.16	1800
75.2	12303	75.2	1740
75.24	12398	75.24	1832
75.28	12240	75.28	1837
75.32	12362	75.32	1834
75.36	12133	75.36	1911
75.4	12349	75.4	1851
75.44	12187	75.44	1889
75.48	12329	75.48	1927
75.52	12433	75.52	1793
75.56	12245	75.56	1801
75.6	12433	75.6	1799
75.64	12303	75.64	1812
75.68	12401	75.68	1784
75.72	12275	75.72	1755
75.76	12296	75.76	1765
75.8	12249	75.8	1789
75.84	12375	75.84	1794
75.88	12323	75.88	1808
75.92	12293	75.92	1816
75.96	12354	75.96	1728
76	12333	76	1725
76.04	12407	76.04	1810
76.08	12413	76.08	1807
76.12	12456	76.12	1793
76.16	12461	76.16	1804
76.2	12337	76.2	1746
76.24	12300	76.24	1812
76.28	12353	76.28	1822
76.32	12336	76.32	1753
76.36	12297	76.36	1719
76.4	12405	76.4	1754
76.44	12453	76.44	1834
76.48	12586	76.48	1760
76.52	12401	76.52	1735
76.56	12568	76.56	1715
76.6	12390	76.6	1781
76.64	12499	76.64	1683
76.68	12410	76.68	1752
76.72	12467	76.72	1757
76.76	12302	76.76	1774
76.8	12285	76.8	1786
76.84	12406	76.84	1802
76.88	12500	76.88	1742
76.92	12306	76.92	1742
76.96	12407	76.96	1755
77	12464	77	1790
77.04	12416	77.04	1618
77.08	12352	77.08	1707
77.12	12378	77.12	1782
77.16	12461	77.16	1700
77.2	12362	77.2	1738
77.24	12455	77.24	1723
77.28	12292	77.28	1780
77.32	12453	77.32	1727
77.36	12437	77.36	1747
77.4	12329	77.4	1701
77.44	12254	77.44	1728
77.48	12227	77.48	1727
77.52	12213	77.52	1764
77.56	12280	77.56	1630
77.6	12286	77.6	1711
77.64	12337	77.64	1716
77.68	12535	77.68	1707
77.72	12500	77.72	1764
77.76	12395	77.76	1692
77.8	12392	77.8	1754
77.84	12389	77.84	1769
77.88	12542	77.88	1799
77.92	12409	77.92	1812
77.96	12634	77.96	1806
78	12464	78	1714
78.04	12551	78.04	1704
78.08	12483	78.08	1668
78.12	12257	78.12	1660
78.16	12449	78.16	1772
78.2	12377	78.2	1718
78.24	12417	78.24	1698
78.28	12463	78.28	1670
78.32	12424	78.32	1693
78.36	12385	78.36	1722
78.4	12456	78.4	1673
78.44	12510	78.44	1796
78.48	12383	78.48	1707
78.52	12415	78.52	1755
78.56	12521	78.56	1757
78.6	12394	78.6	1748
78.64	12518	78.64	1727
78.68	12553	78.68	1749
78.72	12607	78.72	1688
78.76	12386	78.76	1709
78.8	12541	78.8	1713
78.84	12440	78.84	1605
78.88	12608	78.88	1753
78.92	12445	78.92	1753
78.96	12408	78.96	1712
79	12354	79	1658
79.04	12408	79.04	1747
79.08	12318	79.08	1715
79.12	12376	79.12	1592
79.16	12628	79.16	1680
79.2	12516	79.2	1622
79.24	12543	79.24	1664
79.28	12346	79.28	1625
79.32	12610	79.32	1670
79.36	12538	79.36	1698
79.4	12546	79.4	1683
79.44	12694	79.44	1661
79.48	12521	79.48	1697
79.52	12572	79.52	1708
79.56	12574	79.56	1684
79.6	12412	79.6	1666
79.64	12700	79.64	1601
79.68	12826	79.68	1659
79.72	12439	79.72	1634
79.76	12632	79.76	1751
79.8	12602	79.8	1622
79.84	12777	79.84	1629
79.88	12632	79.88	1622
79.92	12696	79.92	1666
79.96	12528	79.96	1668
80	12678	80	1663
80.04	12615	80.04	1626
80.08	12677	80.08	1614
80.12	12636	80.12	1613
80.16	12661	80.16	1646
80.2	12404	80.2	1597
80.24	12420	80.24	1619
80.28	12483	80.28	1688
80.32	12496	80.32	1615
80.36	12603	80.36	1608
80.4	12490	80.4	1690
80.44	12352	80.44	1665
80.48	12528	80.48	1695
80.52	12688	80.52	1658
80.56	12694	80.56	1648
80.6	12734	80.6	1683
80.64	12428	80.64	1710
80.68	12825	80.68	1609
80.72	12504	80.72	1711
80.76	12653	80.76	1625
80.8	12529	80.8	1567
80.84	12564	80.84	1661
80.88	12632	80.88	1636
80.92	12539	80.92	1631
80.96	12622	80.96	1639
81	12524	81	1573
81.04	12638	81.04	1609
81.08	12570	81.08	1630
81.12	12444	81.12	1637
81.16	12591	81.16	1621
81.2	12547	81.2	1613
81.24	12693	81.24	1598
81.28	12782	81.28	1631
81.32	12527	81.32	1618
81.36	12666	81.36	1625
81.4	12512	81.4	1620
81.44	12550	81.44	1646
81.48	12814	81.48	1590
81.52	12639	81.52	1591
81.56	12608	81.56	1646
81.6	12627	81.6	1638
81.64	12621	81.64	1641
81.68	12726	81.68	1643
81.72	12694	81.72	1620
81.76	12721	81.76	1584
81.8	12951	81.8	1656
81.84	12893	81.84	1527
81.88	12885	81.88	1688
81.92	12875	81.92	1540
81.96	13175	81.96	1616
82	13040	82	1608
82.04	13151	82.04	1629
82.08	13156	82.08	1718
82.12	13145	82.12	1672
82.16	13465	82.16	1924
82.2	13544	82.2	2064
82.24	14226	82.24	2062
82.28	15299	82.28	1854
82.32	17534	82.32	1822
82.36	20438	82.36	1684
82.4	23555	82.4	1791
82.44	22706	82.44	1843
82.48	19371	82.48	1852
82.52	16994	82.52	1783
82.56	16150	82.56	1643
82.6	17129	82.6	1624
82.64	18111	82.64	1563
82.68	18261	82.68	1663
82.72	16307	82.72	1594
82.76	14706	82.76	1570
82.8	13820	82.8	1634
82.84	13716	82.84	1542
82.88	13040	82.88	1545
82.92	12943	82.92	1537
82.96	12929	82.96	1606
83	12681	83	1580
83.04	12917	83.04	1545
83.08	12764	83.08	1516
83.12	12917	83.12	1574
83.16	13056	83.16	1575
83.2	12897	83.2	1467
83.24	12767	83.24	1647
83.28	12525	83.28	1593
83.32	13003	83.32	1628
83.36	12695	83.36	1546
83.4	12726	83.4	1548
83.44	12749	83.44	1582
83.48	12750	83.48	1586
83.52	12491	83.52	1553
83.56	12792	83.56	1594
83.6	12601	83.6	1587
83.64	12644	83.64	1526
83.68	12732	83.68	1503
83.72	12697	83.72	1526
83.76	12755	83.76	1468
83.8	12638	83.8	1531
83.84	12821	83.84	1530
83.88	12782	83.88	1603
83.92	12641	83.92	1612
83.96	12711	83.96	1510
84	12858	84	1513
84.04	12689	84.04	1518
84.08	12742	84.08	1546
84.12	12537	84.12	1605
84.16	12768	84.16	1596
84.2	12642	84.2	1582
84.24	12560	84.24	1561
84.28	12580	84.28	1583
84.32	12596	84.32	1602
84.36	12650	84.36	1520
84.4	12724	84.4	1576
84.44	12803	84.44	1557
84.48	12629	84.48	1589
84.52	12790	84.52	1625
84.56	12733	84.56	1560
84.6	12735	84.6	1557
84.64	12636	84.64	1494
84.68	12749	84.68	1585
84.72	12673	84.72	1660
84.76	12596	84.76	1554
84.8	12749	84.8	1534
84.84	12769	84.84	1601
84.88	12528	84.88	1630
84.92	12653	84.92	1517
84.96	12711	84.96	1566
85	12728	85	1604
85.04	12792	85.04	1539
85.08	12643	85.08	1445
85.12	12527	85.12	1565
85.16	12633	85.16	1530
85.2	12725	85.2	1571
85.24	12775	85.24	1559
85.28	12661	85.28	1532
85.32	12800	85.32	1528
85.36	12577	85.36	1505
85.4	12765	85.4	1471
85.44	12617	85.44	1545
85.48	12763	85.48	1473
85.52	12658	85.52	1514
85.56	12665	85.56	1533
85.6	12707	85.6	1458
85.64	12583	85.64	1513
85.68	12616	85.68	1533
85.72	12804	85.72	1483
85.76	12676	85.76	1483
85.8	12737	85.8	1455
85.84	12735	85.84	1526
85.88	12719	85.88	1493
85.92	12870	85.92	1498
85.96	12745	85.96	1460
86	12635	86	1479
86.04	12708	86.04	1508
86.08	12681	86.08	1453
86.12	12753	86.12	1581
86.16	12711	86.16	1516
86.2	12643	86.2	1523
86.24	12542	86.24	1545
86.28	12587	86.28	1535
86.32	12865	86.32	1499
86.36	12489	86.36	1524
86.4	12644	86.4	1470
86.44	12573	86.44	1478
86.48	12682	86.48	1463
86.52	12554	86.52	1471
86.56	12455	86.56	1491
86.6	12841	86.6	1483
86.64	12872	86.64	1477
86.68	12784	86.68	1484
86.72	12523	86.72	1477
86.76	12737	86.76	1443
86.8	12701	86.8	1467
86.84	12699	86.84	1547
86.88	12646	86.88	1483
86.92	12707	86.92	1540
86.96	12909	86.96	1492
87	12905	87	1593
87.04	12877	87.04	1535
87.08	12717	87.08	1498
87.12	12778	87.12	1560
87.16	12659	87.16	1500
87.2	12713	87.2	1495
87.24	12615	87.24	1550
87.28	12776	87.28	1494
87.32	12766	87.32	1448
87.36	13083	87.36	1546
87.4	12871	87.4	1510
87.44	12767	87.44	1534
87.48	12854	87.48	1564
87.52	12770	87.52	1529
87.56	12865	87.56	1570
87.6	12672	87.6	1570
87.64	12853	87.64	1582
87.68	12675	87.68	1574
87.72	12765	87.72	1550
87.76	12749	87.76	1581
87.8	12579	87.8	1574
87.84	12861	87.84	1511
87.88	12736	87.88	1596
87.92	12937	87.92	1516
87.96	12556	87.96	1551
88	12948	88	1577
88.04	12874	88.04	1426
88.08	12795	88.08	1552
88.12	12609	88.12	1459
88.16	12708	88.16	1540
88.2	12748	88.2	1452
88.24	12751	88.24	1502
88.28	12763	88.28	1485
88.32	12806	88.32	1490
88.36	12882	88.36	1447
88.4	12752	88.4	1445
88.44	12751	88.44	1433
88.48	12794	88.48	1447
88.52	13033	88.52	1466
88.56	12784	88.56	1492
88.6	12775	88.6	1486
88.64	12895	88.64	1510
88.68	12904	88.68	1448
88.72	12775	88.72	1538
88.76	13096	88.76	1406
88.8	12752	88.8	1479
88.84	12665	88.84	1448
88.88	12672	88.88	1484
88.92	12654	88.92	1467
88.96	12730	88.96	1482
89	12835	89	1482
89.04	12745	89.04	1479
89.08	12820	89.08	1428
89.12	12764	89.12	1459
89.16	12591	89.16	1503
89.2	12833	89.2	1511
89.24	12561	89.24	1413
89.28	12845	89.28	1462
89.32	12827	89.32	1457
89.36	12776	89.36	1446
89.4	12775	89.4	1469
89.44	12690	89.44	1463
89.48	12917	89.48	1454
89.52	12752	89.52	1453
89.56	12821	89.56	1456
89.6	12787	89.6	1407
89.64	12830	89.64	1438
89.68	12787	89.68	1448
89.72	12898	89.72	1508
89.76	12858	89.76	1498
89.8	12795	89.8	1454
89.84	12653	89.84	1495
89.88	12726	89.88	1502
89.92	12886	89.92	1466
89.96	12916	89.96	1469
90	12703	90	1431