X Binding energy (eV)     O 1s	O 1s fitresult	O 1s peak 2	O 1s peak 3	Y (Intensity a.u.)
525.07	0.05441	0.04979	0.04979	0.04979
525.17	0.03859	0.04979	0.04979	0.04979
525.27	0.05246	0.04979	0.04979	0.04979
525.37	0.03999	0.04979	0.04979	0.04979
525.47	0.02037	0.04979	0.04979	0.04979
525.57	0.07686	0.04979	0.04979	0.04979
525.67	0.072	0.04979	0.04979	0.04979
525.77	0.05136	0.04979	0.04979	0.04979
525.87	0.05229	0.04979	0.04979	0.04979
525.97	0.08145	0.04979	0.04979	0.04979
526.07	0.04021	0.04979	0.04979	0.04979
526.17	0.03973	0.04979	0.04979	0.04979
526.27	0.0603	0.04979	0.04979	0.04979
526.37	0.06265	0.04979	0.04979	0.04979
526.47	0.0516	0.04979	0.04979	0.04979
526.57	0.01856	0.04979	0.04979	0.04979
526.67	0.05687	0.04979	0.04979	0.04979
526.77	0.08075	0.04979	0.04979	0.04979
526.87	0.05962	0.04979	0.04979	0.04979
526.97	0.03087	0.04979	0.04979	0.04979
527.07	0.02036	0.04979	0.04979	0.04979
527.17	0.0491	0.04979	0.04979	0.04979
527.27	0.06678	0.04979	0.04979	0.04979
527.37	0.05811	0.04979	0.04979	0.04979
527.47	0.07242	0.0498	0.0498	0.04979
527.57	0.05705	0.0498	0.0498	0.04979
527.67	0.07567	0.04981	0.04981	0.04979
527.77	0	0.04984	0.04984	0.04979
527.87	0.06802	0.04988	0.04988	0.0498
527.97	0.03064	0.04997	0.04996	0.0498
528.07	0.03113	0.05012	0.0501	0.04981
528.17	0.06416	0.05038	0.05036	0.04982
528.27	0.06028	0.05085	0.05081	0.04983
528.37	0.04636	0.05164	0.05157	0.04986
528.47	0.03534	0.05295	0.05283	0.04991
528.57	0.06597	0.05506	0.05487	0.04998
528.67	0.05491	0.05838	0.05808	0.05009
528.77	0.1075	0.06349	0.06301	0.05027
528.87	0.071	0.07113	0.07039	0.05053
528.97	0.05419	0.08226	0.08113	0.05092
529.07	0.11588	0.09804	0.09635	0.05149
529.17	0.10568	0.11982	0.1173	0.05231
529.27	0.14382	0.14901	0.14533	0.05347
529.37	0.18954	0.187	0.1817	0.05509
529.47	0.23039	0.23495	0.22743	0.05731
529.57	0.30225	0.29356	0.28304	0.06031
529.67	0.37253	0.3628	0.34831	0.06428
529.77	0.45512	0.44174	0.42207	0.06947
529.87	0.48969	0.52833	0.502	0.07612
529.97	0.60075	0.61937	0.58467	0.0845
530.07	0.73551	0.71072	0.66564	0.09487
530.17	0.80637	0.79752	0.73983	0.10749
530.27	0.88666	0.87477	0.80201	0.12255
530.37	0.951	0.93783	0.84743	0.14019
530.47	0.97742	0.98307	0.87241	0.16046
530.57	0.98657	1.00833	0.87484	0.18328
530.67	1	1.01317	0.85453	0.20843
530.77	0.99953	0.99894	0.81319	0.23554
530.87	0.9785	0.96848	0.75419	0.26407
530.97	0.92689	0.92567	0.68212	0.29334
531.07	0.89165	0.87489	0.60215	0.32253
531.17	0.82777	0.82035	0.51944	0.3507
531.27	0.74585	0.76569	0.4386	0.37687
531.37	0.69088	0.71359	0.36331	0.40007
531.47	0.6633	0.66568	0.2961	0.41937
531.57	0.6439	0.62257	0.23839	0.43397
531.67	0.59632	0.58404	0.19059	0.44324
531.77	0.55218	0.54929	0.15231	0.44677
531.87	0.50431	0.51724	0.12261	0.44442
531.97	0.48571	0.48675	0.10027	0.43628
532.07	0.47098	0.45686	0.08394	0.4227
532.17	0.43428	0.42685	0.07235	0.40429
532.27	0.38999	0.39636	0.06435	0.3818
532.37	0.3477	0.36532	0.05896	0.35615
532.47	0.31555	0.33394	0.05544	0.3283
532.57	0.28442	0.30264	0.05319	0.29924
532.67	0.29354	0.27191	0.05179	0.26992
532.77	0.2548	0.24232	0.05094	0.24117
532.87	0.2147	0.21437	0.05043	0.21373
532.97	0.19669	0.1885	0.05014	0.18815
533.07	0.16006	0.16503	0.04998	0.16484
533.17	0.15699	0.14415	0.04989	0.14405
533.27	0.119	0.12593	0.04984	0.12588
533.37	0.11554	0.11033	0.04982	0.11031
533.47	0.1006	0.09723	0.0498	0.09722
533.57	0.06799	0.08642	0.0498	0.08641
533.67	0.06032	0.07766	0.04979	0.07765
533.77	0.07228	0.07068	0.04979	0.07068
533.87	0.10384	0.06522	0.04979	0.06522
533.97	0.0406	0.06102	0.04979	0.06102
534.07	0.07987	0.05785	0.04979	0.05785
534.17	0.06165	0.05548	0.04979	0.05548
534.27	0.03773	0.05376	0.04979	0.05376
534.37	0.02725	0.05251	0.04979	0.05251
534.47	0.02828	0.05163	0.04979	0.05163
534.57	0.01016	0.05102	0.04979	0.05102
534.67	0.03036	0.0506	0.04979	0.0506
534.77	0.08305	0.05031	0.04979	0.05031
534.87	0.03086	0.05012	0.04979	0.05012
534.97	0.03187	0.05	0.04979	0.05

				
				
				
				
				
				
				
				
				
				
				
				
				
				
				
				
				
				
				
				
				
				
				
				
				
				
				
				
				
				
				
				
				
				
				
				
				
				
				
				
				
				
				
				
				
				
				
				
				
				
				
				
				
				
				
				
				
				
				
				
				
				
				
				
				
				
				
				
				
				
				
				
				
				
				
				
				
				
				
				
				
				
				
				
				
				
				
				
				
				
				
				
				
				
				
				
				
				
				
				
				
				
				
				
				
				
				
				
				
				
				
				
				
				
				
				
				
				
				
				
				
				
				
				
				
				
				
				
				
				
				
				
				
				
				
				
				
				
				
				
				
				
				
				
				
				
				
				
				
				
				
				
				
				
				
				
				
				
				
				
				
				
				
				
				
				
				
				
				
				
				
				
				
				
				
				
				
				
				
				
				
				
				
				
				
				
				
				
				
				
				
				
				
				
				
				
				
				
				
				
				
				
				
				
				
				
				
				
				
				
				
				
				
				
				
				
				
				
				
				
				
				
				
				
				
				
				
				
				
				
				
				
				
				
				
				
				
				
				
				
				
				
				
				
				
				
				
				
				
				
				
				
				
				
				
				
				
				
				
				
				
				
				
				
				
				
				
				
				
				
				
				
				
				
				
				
				
				
				
				
				
				
				
				
				
				
				
				
				
				
				
				
				
				
				
				
				
				
				
				
				
				
				
				
				
				
				
				
				
				
				
				
				
				
				
				
				
				
				
				
				
				
				
				
				
				
				
				
				
				
				
				
				