X Binding energy (eV)     W 4f	W 4f fitresult	W 4f peak 2	W 4f peak 3	W 4f peak 4	Y (Intensity a.u.)
30.07	0.01487	0.02864	0.02693	0.02744	0.02573
30.17	0.03075	0.02877	0.02697	0.02753	0.02573
30.27	0.02962	0.02892	0.02702	0.02763	0.02573
30.37	0.04332	0.02908	0.02706	0.02775	0.02573
30.47	0.02945	0.02925	0.02711	0.02787	0.02573
30.57	0.03469	0.02944	0.02716	0.02801	0.02573
30.67	0.04943	0.02964	0.02722	0.02816	0.02573
30.77	0.03765	0.02987	0.02728	0.02832	0.02573
30.87	0.02697	0.03011	0.02734	0.02851	0.02573
30.97	0.04386	0.03039	0.0274	0.02872	0.02573
31.07	0.03951	0.03069	0.02747	0.02896	0.02573
31.17	0.03624	0.03103	0.02754	0.02922	0.02573
31.27	0.00969	0.03142	0.02762	0.02953	0.02573
31.37	0.04252	0.03186	0.02771	0.02988	0.02573
31.47	0.05194	0.03236	0.0278	0.03029	0.02573
31.57	0.04439	0.03294	0.02789	0.03078	0.02573
31.67	0.04745	0.03362	0.028	0.03135	0.02573
31.77	0.04521	0.03443	0.02811	0.03205	0.02573
31.87	0.04509	0.0354	0.02823	0.0329	0.02573
31.97	0.04603	0.03661	0.02836	0.03398	0.02573
32.07	0.04591	0.03812	0.02851	0.03535	0.02573
32.17	0.04579	0.04006	0.02866	0.03714	0.02573
32.27	0.04355	0.04259	0.02883	0.03949	0.02573
32.37	0.04873	0.04591	0.02901	0.04263	0.02573
32.47	0.06131	0.05028	0.02922	0.04679	0.02573
32.57	0.06642	0.05597	0.02944	0.05227	0.02573
32.67	0.05246	0.06328	0.02969	0.05932	0.02573
32.77	0.08831	0.07238	0.02996	0.06815	0.02573
32.87	0.07321	0.08331	0.03027	0.07877	0.02573
32.97	0.0931	0.09581	0.03062	0.09093	0.02573
33.07	0.12985	0.10933	0.03101	0.10406	0.02573
33.17	0.13682	0.12295	0.03145	0.11724	0.02573
33.27	0.15965	0.13552	0.03196	0.12929	0.02573
33.37	0.13052	0.14578	0.03254	0.13897	0.02573
33.47	0.15972	0.15263	0.03323	0.14513	0.02573
33.57	0.14435	0.15537	0.03405	0.14706	0.02573
33.67	0.1608	0.15384	0.03504	0.14453	0.02573
33.77	0.1359	0.14849	0.03626	0.13797	0.02573
33.87	0.13544	0.14036	0.03784	0.12826	0.02573
33.97	0.1117	0.13085	0.03995	0.11663	0.02573
34.07	0.08805	0.12158	0.04291	0.1044	0.02573
34.17	0.11	0.11426	0.04726	0.09273	0.02573
34.27	0.10753	0.11065	0.05383	0.08255	0.02573
34.37	0.11035	0.11266	0.06395	0.07445	0.02573
34.47	0.12481	0.12253	0.07949	0.06877	0.02573
34.57	0.15086	0.14288	0.10297	0.06564	0.02573
34.67	0.1874	0.17675	0.13736	0.06511	0.02573
34.77	0.22909	0.22719	0.18573	0.0672	0.02573
34.87	0.27169	0.29654	0.25042	0.07186	0.02573
34.97	0.36811	0.38544	0.33216	0.07901	0.02573
35.07	0.49486	0.49165	0.42897	0.08841	0.02573
35.17	0.61478	0.60925	0.53541	0.09957	0.02573
35.27	0.71837	0.7285	0.64253	0.1117	0.02573
35.37	0.7877	0.83689	0.73889	0.12373	0.02573
35.47	0.90864	0.92115	0.81252	0.13437	0.02573
35.57	0.99948	0.9699	0.8533	0.14233	0.02573
35.67	1	0.9762	0.85536	0.14656	0.02573
35.77	0.90526	0.93921	0.8185	0.14644	0.02573
35.87	0.89767	0.86444	0.74824	0.14193	0.02573
35.97	0.77156	0.76235	0.65453	0.13355	0.02573
36.07	0.63006	0.64598	0.54941	0.1223	0.02573
36.17	0.54519	0.52831	0.44462	0.10942	0.02573
36.27	0.43947	0.42004	0.34963	0.09615	0.02573
36.37	0.33733	0.32843	0.27066	0.08351	0.02573
36.47	0.25252	0.25721	0.21072	0.07222	0.02573
36.57	0.21672	0.20736	0.17043	0.06266	0.02573
36.67	0.17047	0.17835	0.14917	0.05491	0.02573
36.77	0.18367	0.16914	0.14605	0.04882	0.02573
36.87	0.19153	0.17894	0.1605	0.04416	0.02573
36.97	0.247	0.20723	0.19231	0.04065	0.02573
37.07	0.2525	0.25339	0.24112	0.03801	0.02573
37.17	0.32468	0.31587	0.30559	0.03601	0.02573
37.27	0.37011	0.39124	0.38248	0.03449	0.02573
37.37	0.46513	0.4736	0.46602	0.03331	0.02573
37.47	0.60213	0.55468	0.54805	0.03237	0.02573
37.57	0.66558	0.6248	0.61892	0.03162	0.02573
37.67	0.65998	0.67446	0.6692	0.031	0.02573
37.77	0.68828	0.69634	0.69159	0.03048	0.02573
37.87	0.67624	0.68694	0.68264	0.03004	0.02573
37.97	0.6325	0.64747	0.64354	0.02967	0.02573
38.07	0.59633	0.58347	0.57986	0.02934	0.02573
38.17	0.4915	0.50349	0.50016	0.02906	0.02573
38.27	0.40718	0.41713	0.41405	0.02881	0.02574
38.37	0.31683	0.33317	0.33031	0.02859	0.02574
38.47	0.24587	0.25814	0.25547	0.0284	0.02574
38.57	0.16989	0.19573	0.19323	0.02822	0.02575
38.67	0.14607	0.14697	0.14462	0.02807	0.02575
38.77	0.10222	0.11091	0.10869	0.02792	0.02577
38.87	0.09771	0.08549	0.08338	0.02779	0.02579
38.97	0.06781	0.06825	0.06622	0.02768	0.02582
39.07	0.03802	0.05687	0.0549	0.02757	0.02587
39.17	0.00517	0.04948	0.04754	0.02747	0.02594
39.27	0.06348	0.04469	0.04273	0.02738	0.02605
39.37	0.02206	0.04155	0.03952	0.0273	0.0262
39.47	0.02103	0.03948	0.0373	0.02722	0.02642
39.57	0.01788	0.0381	0.03569	0.02715	0.02672
39.67	0.02004	0.03723	0.03448	0.02709	0.02713
39.77	0.00737	0.03675	0.03352	0.02703	0.02766
39.87	0.04132	0.03661	0.03274	0.02697	0.02836
39.97	0.02857	0.03679	0.03209	0.02692	0.02925
40.07	0.03598	0.03729	0.03154	0.02687	0.03035
40.17	0.02537	0.03811	0.03107	0.02682	0.03169
40.27	0.03808	0.03924	0.03065	0.02678	0.03328
40.37	0.04757	0.04068	0.03029	0.02674	0.03512
40.47	0.0475	0.0424	0.02997	0.0267	0.0372
40.57	0.0559	0.04437	0.02969	0.02666	0.03949
40.67	0.05156	0.04654	0.02943	0.02663	0.04194
40.77	0.0356	0.04882	0.0292	0.0266	0.04449
40.87	0.06309	0.05115	0.029	0.02657	0.04705
40.97	0.05132	0.05341	0.02881	0.02654	0.04953
41.07	0.07029	0.0555	0.02864	0.02651	0.05182
41.17	0.06695	0.05731	0.02848	0.02648	0.05382
41.27	0.05728	0.05876	0.02834	0.02646	0.05543
41.37	0.0667	0.05974	0.02821	0.02644	0.05656
41.47	0.03904	0.06021	0.02809	0.02641	0.05718
41.57	0.03582	0.06012	0.02797	0.02639	0.05722
41.67	0.06226	0.05948	0.02787	0.02637	0.05671
41.77	0.05366	0.05831	0.02777	0.02635	0.05565
41.87	0.07686	0.05667	0.02768	0.02634	0.05412
41.97	0.06715	0.05463	0.0276	0.02632	0.05218
42.07	0.0416	0.05229	0.02752	0.0263	0.04993
42.17	0.05637	0.04974	0.02745	0.02628	0.04748
42.27	0.03827	0.04711	0.02738	0.02627	0.04493
42.37	0.03612	0.04447	0.02731	0.02625	0.04237
42.47	0.03503	0.04192	0.02725	0.02624	0.03989
42.57	0.04348	0.03953	0.0272	0.02623	0.03757
42.67	0.06142	0.03734	0.02714	0.02621	0.03545
42.77	0.0179	0.0354	0.02709	0.0262	0.03357
42.87	0.01688	0.03371	0.02704	0.02619	0.03194
42.97	0.02539	0.03227	0.027	0.02618	0.03056
43.07	0.04023	0.03108	0.02696	0.02617	0.02942
43.17	0.05712	0.0301	0.02692	0.02616	0.0285
43.27	0.04114	0.02933	0.02688	0.02615	0.02777
43.37	0.03474	0.02872	0.02684	0.02614	0.02721
43.47	0.03789	0.02824	0.02681	0.02613	0.02678
43.57	0.03574	0.02789	0.02677	0.02612	0.02646
43.67	0.03783	0.02762	0.02674	0.02611	0.02623
43.77	0.06321	0.02741	0.02671	0.0261	0.02607
43.87	0.03344	0.02726	0.02668	0.02609	0.02596
43.97	0.0059	0.02715	0.02665	0.02608	0.02588
44.07	0.04198	0.02706	0.02663	0.02608	0.02583
44.17	0.02499	0.02699	0.0266	0.02607	0.02579
44.27	0.01019	0.02694	0.02658	0.02606	0.02577
44.37	0.01873	0.0269	0.02655	0.02605	0.02575
44.47	0.06217	0.02686	0.02653	0.02605	0.02575
44.57	0.01335	0.02683	0.02651	0.02604	0.02574
44.67	0.01129	0.0268	0.02649	0.02603	0.02574
44.77	0.01877	0.02677	0.02647	0.02603	0.02574
44.87	0.05268	0.02674	0.02645	0.02602	0.02573
44.97	0.03248	0.02672	0.02643	0.02602	0.02573

					
					
					
					
					
					
					
					
					
					
					
					
					
					
					
					
					
					
					
					
					
					
					
					
					
					
					
					
					
					
					
					
					